  71  -2737  93
  39  -2739  -36
  -8  -2765  -73
  30  -2750  23
  -20  -2751  53
  -57  -2746  4
  -35  -2756  -42
  -9  -2774  -40
  -51  -2760  -199
  -12  -2748  -88
  40  -2751  -21
  67  -2726  119
  -28  -2760  -117
  11  -2718  -99
  0  -2712  -69
  0  -2729  -82
  -59  -2758  5
  1  -2725  -161
  -3  -2772  -134
  50  -2753  -437
  -27  -2764  -15
  -17  -2751  -423
  -64  -2758  -157
  -23  -2769  112
  -2  -2753  -83
  -49  -2770  -186
  18  -2727  -59
  26  -2734  -68
  -9  -2775  -104
  -32  -2732  -244
  3  -2758  -410
  27  -2747  -93
  4  -2752  -6
  -89  -2757  10
  3  -2748  -210
  20  -2752  -405
  19  -2750  -155
  -31  -2781  -231
  12  -2762  120
  10  -2761  -9
  31  -2748  -61
  -14  -2769  -80
  -10  -2766  -134
  9  -2759  -87
  -8  -2746  -86
  4  -2750  -143
  -37  -2775  -119
  4  -2776  -17
  0  -2768  -16
  13  -2766  277
  13  -2757  -158
  18  -2755  -10
  34  -2737  -171
  -13  -2765  -38
  37  -2756  -71
  44  -2748  -115
  -39  -2751  -41
  -25  -2792  -196
  3  -2773  -58
  -19  -2803  -396
  34  -2756  49
  -12  -2761  58
  -17  -2775  -169
  -32  -2749  -491
  28  -2771  -20
  -2  -2791  -112
  -4  -2745  -213
  20  -2749  -118
  -21  -2750  -13
  -1  -2770  -202
  2  -2788  57
  38  -2786  34
  58  -2731  263
  61  -2784  -43
  10  -2790  -103
  21  -2773  41
  -2  -2777  -202
  40  -2754  23
  5  -2738  106
  16  -2771  -114
  18  -2764  -98
  -43  -2770  -96
  -39  -2776  -20
  -22  -2766  -41
  -78  -2746  -182
  1  -2784  -219
  -38  -2788  -155
  -43  -2757  91
  13  -2772  -35
  -13  -2751  -83
  23  -2734  -33
  55  -2738  -36
  17  -2772  -110
  74  -2759  36
  71  -2745  -27
  -3  -2727  -165
  30  -2767  -170
  29  -2746  -80
  44  -2729  21
  17  -2756  290
  15  -2756  -117
  19  -2754  -127
  -65  -2738  12
  -35  -2757  6
  -7  -2751  -20
  -63  -2734  115
  -17  -2729  -93
  -16  -2772  -484
  -26  -2768  -80
  25  -2730  -19
  21  -2744  -34
  20  -2707  -10
  15  -2728  -205
  13  -2768  110
  48  -2786  -102
  16  -2741  -153
  5  -2761  -7
  -11  -2783  -69
  -24  -2739  -387
  20  -2723  12
  -35  -2778  -59
  -57  -2767  -1
  -56  -2741  85
  -75  -2727  12
  -30  -2749  -77
  -46  -2751  -97
  30  -2733  6
  -31  -2742  -137
  1  -2722  -170
  -32  -2761  85
  -33  -2735  21
  36  -2761  7
  3  -2725  -92
  -25  -2732  -173
  18  -2733  -65
  -19  -2726  77
  -48  -2733  -183
  16  -2779  14
  -14  -2753  2
  11  -2754  -179
  15  -2757  -220
  -23  -2764  -12
  -15  -2722  -2
  48  -2708  -142
  -31  -2712  83
  -37  -2732  -192
  -28  -2766  54
  -27  -2707  -392
  2  -2761  -122
  -14  -2777  -95
  37  -2774  -139
  25  -2754  -12
  6  -2750  -48
  4  -2728  -186
  2  -2751  -40
  -10  -2734  -23
  -49  -2775  -445
  14  -2767  -40
  10  -2797  -86
  -13  -2750  -4
  -25  -2752  2
  -9  -2741  -11
  54  -2770  36
  -26  -2767  -28
  -29  -2775  -73
  47  -2755  -120
  59  -2741  47
  -3  -2753  48
  -21  -2734  79
  -76  -2754  -68
  -33  -2754  9
  34  -2788  -104
  -25  -2774  -49
  6  -2761  -75
  -23  -2779  -121
  24  -2731  -165
  14  -2770  -153
  -32  -2770  -6
  -9  -2780  -102
  50  -2762  -462
  -4  -2753  -122
  -42  -2801  -220
  7  -2770  -128
  15  -2726  62
  35  -2766  -128
  1  -2765  -111
  26  -2746  -103
  10  -2780  87
  81  -2768  -71
  43  -2780  -33
  13  -2769  -3
  5  -2787  -115
  -19  -2  -88
  -15  -2788  -125
  -17  -2796  -80
  -24  -2806  -247
  0  -2774  -41
  -51  -2774  43
  -34  -2761  -23
  -18  -2757  -4
  -28  -2738  -92
  -38  -2770  -124
  5  -2792  -39
  14  -2761  -15
  54  -2747  -18
  4  -2733  39
  6  -2750  68
  -11  -2752  -9
  97  -2722  -410
  1  -2764  -90
  -14  -2751  -128
  45  -2730  -176
  14  -2757  -73
  -51  -2749  -8
  -35  -2750  -391
  -84  -2782  96
  -56  -2735  -451
  -17  -2757  302
  -18  -2748  -30
  -25  -2727  -123
  11  -2727  -76
  41  -2714  -96
  15  -2732  -151
  -5  -2724  -34
  12  -2765  -10
  1  -2719  -68
  7  -2740  -83
  40  -2725  -176
  30  -2711  -130
  -8  -2727  -191
  -6  -2731  -61
  22  -2731  -58
  -55  -2749  33
  -17  -2753  34
  6  -2747  -53
  -26  -2758  21
  0  -2755  -126
  -19  -2784  -31
  22  -2772  -145
  18  -2764  -14
  -38  -2742  -43
  21  -2759  -49
  40  -2720  -112
  5  -2726  -124
  -9  -2708  57
  -27  -2773  -178
  2  -2757  -160
  -60  -2759  -15
  -59  -2753  -93
  5  -2747  -228
  -2  -2752  -51
  -37  -2712  -53
  -47  -2747  -93
  7  -2737  -50
  23  -2725  1
  36  -2772  62
  15  -2733  -410
  -11  -2718  -163
  -20  -2757  -108
  0  -2759  -88
  -31  -2785  89
  22  -2784  -65
  -28  -2766  -107
  -23  -2737  -95
  31  -2765  -96
  33  -2764  -62
  3  -2766  1
  -20  -2735  60
  35  -2725  -91
  -7  -2769  -33
  -59  -2714  67
  63  -2736  -35
  15  -2768  71
  22  -2719  -4
  63  -2764  -26
  -10  -2726  -146
  30  -2768  -50
  6  -2747  28
  9  -2754  -219
  31  -2755  87
  -1  -2744  -142
  -3  -2751  -191
  -29  -2788  -155
  -12  -2791  -225
  -45  -2759  25
  34  -2756  78
  -1  -2783  -186
  -15  -2713  -16
  -25  -2790  -212
  -13  -2774  57
  39  -2758  -85
  -39  -2740  -93
  -22  -2734  -46
  -49  -2742  -397
  -10  -2745  334
  15  -2751  -238
  21  -2757  -51
  78  -2800  -8
  21  -2762  -138
  46  -2774  -127
  116  -2770  370
  31  -2803  -65
  3  -2793  9
  -34  -2789  -62
  12  -2751  -40
  39  -2772  -86
  -37  -2779  7
  1  -2751  -10
  -26  -2767  -42
  -51  -2753  15
  -4  -2759  367
  -6  -2787  -230
  -70  -2786  -43
  -34  -2740  -189
  74  -2755  -4
  2  -2758  -138
  -12  -2741  300
  66  -2721  -220
  30  -2758  119
  21  -2761  109
  24  -2710  -34
  30  -2734  -48
  -27  -2744  -118
  12  -2767  -84
  -4  -2755  -25
  6  -2743  -221
  -21  -2778  -77
  -24  -2761  -80
  -64  -2740  -160
  -93  -2749  -157
  -92  -2728  -116
  -26  -2740  -50
  -32  -2732  -48
  -21  -2771  125
  -16  -2768  -213
  26  -2742  333
  -11  -2761  113
  45  -2710  -408
  -16  -2780  -165
  42  -2710  19
  0  -2741  -33
  7  -2751  -170
  8  -2711  -233
  9  -2748  -190
  -17  -2739  -146
  4  -2776  42
  -53  -2747  -424
  -71  -2779  -184
  -56  -2742  -103
  -28  -2744  -148
  45  -2763  -16
  43  -2756  -22
  -1  -2727  -177
  51  -2752  10
  33  -2755  -183
  37  -2720  -184
  -26  -2735  -43
  -9  -2747  -118
  25  -2739  -59
  -22  -2775  -94
  -52  -2790  69
  -45  -2743  -193
  -13  -2771  -109
  5  -2731  -123
  0  -2722  -55
  0  -2761  -231
  6  -2748  22
  -11  -2736  38
  35  -2740  -88
  -19  -2748  -35
  -26  -2762  -2
  -21  -2746  -77
  -30  -2758  -437
  -27  -2755  -113
  31  -2726  -31
  37  -2756  45
  -20  -2758  -127
  80  -2707  326
  -28  -2759  -193
  14  -2743  -421
  6  -2784  95
  -52  -2760  -404
  -17  -2753  -190
  -7  -2780  -185
  38  -2775  287
  -20  -2770  41
  -18  -2768  556
  9  -2759  -3
  3  -2782  -128
  30  -2753  -465
  -21  -2741  -416
  7  -2734  -220
  -11  -2762  -464
  -7  -2764  102
  -17  -2746  -60
  -28  -2761  -247
  45  -2749  -119
  12  -2773  -68
  8  -2778  260
  22  -2769  -186
  14  -2765  -92
  15  -2775  -127
  19  -2746  -243
  -17  -2767  -86
  -10  -2733  -182
  -30  -2785  -136
  -48  -2760  47
  41  -2775  -40
  33  -2771  -229
  24  -2752  2
  17  -2796  -15
  61  -2751  -5
  -29  -2758  -52
  30  -2774  357
  47  -2750  -48
  47  -2747  -466
  -11  -2774  -42
  -21  -2794  54
  -23  -2765  -233
  -10  -2743  -74
  -14  -2763  -95
  -71  -2745  -182
  -63  -2783  -35
  -57  -2804  -1
  -9  -2767  -97
  -28  -2747  -166
  38  -2753  -116
  19  -2741  -66
  18  -2744  117
  5  -2732  70
  -16  -2737  -55
  -6  -2759  -102
  -2  -2756  85
  51  -2754  97
  -12  -2765  264
  49  -2717  80
  5  -2772  -166
  -61  -2732  109
  28  -2754  45
  -10  -2727  -20
  -36  -2749  -41
  -29  -2726  -40
  -80  -2753  89
  10  -2761  95
  -11  -2750  -4
  -34  -2735  100
  -10  -2756  -13
  -1  -2750  84
  -36  -2721  -47
  -4  -2730  -58
  6  -2753  -139
  56  -2732  -17
  13  -2766  -75
  -8  -2721  -220
  18  -2732  -74
  -52  -2722  115
  -27  -2725  -256
  -72  -2746  -48
  -40  -2746  108
  -58  -2769  112
  -29  -2730  8
  -8  -2775  -206
  -6  -2708  -194
  11  -2742  -17
  11  -2722  -14
  29  -2732  -121
  -1  -2773  -447
  -6  -2753  -2
  26  -2755  -75
  5  -2759  -87
  -46  -2726  -7
  -1  -2708  -172
  -96  -2709  -429
  11  -2778  -5
  -29  -2751  -154
  -54  -2739  80
  6  -2726  111
  -4  -2776  10
  -32  -2744  41
  13  -2721  -144
  4  -2754  -59
  8  -2732  80
  -37  -2743  -152
  -20  -2759  -144
  -6  -2742  13
  49  -2764  -112
  -7  -2710  -9
  -24  -2741  -19
  -15  -2749  332
  6  -2737  -98
  -10  -2740  -41
  -17  -2746  99
  -53  -2765  -77
  -73  -2756  -6
  -45  -2763  5
  -31  -2757  -120
  7  -2798  -111
  -15  -2763  -242
  4  -2780  271
  26  -2755  -66
  -21  -2789  -9
  38  -2762  5
  25  -2758  -5
  4  -2761  -171
  3  -2796  -29
  25  -2774  -101
  -34  -2751  109
  -4  -2777  7
  14  -2791  38
  -3  -2770  -26
  19  -2776  -83
  9  -2749  -162
  -39  -2809  -103
  12  -2785  -96
  -9  -2738  31
  -43  -2749  -18
  29  -2771  -99
  -9  -2780  16
  -56  -2785  11
  36  -2751  285
  6  -2773  -122
  10  -2787  -162
  56  -2755  -40
  49  -2782  -40
  38  -2799  110
  14  -2784  -79
  -6  -2762  31
  27  -2765  -56
  -40  -2756  -86
  -49  -2730  87
  -49  -2739  -8
  -12  -2728  263
  -43  -2767  -251
  -10  -2783  -45
  -7  -2775  43
  17  -2771  -101
  -8  -2742  -42
  14  -2750  -43
  18  -2769  -75
  -28  -2752  66
  23  -2755  316
  2  -2754  -107
  -4  -2759  -61
  46  -2744  -94
  -15  -2786  -66
  29  -2750  -227
  -16  -2733  -155
  19  -2772  21
  39  -2732  82
  -25  -2731  26
  -12  -2757  -114
  -29  -2705  -137
  -30  -2776  -53
  2  -2745  -89
  19  -2730  -180
  -55  -2750  -470
  -57  -2757  -175
  -57  -2743  -191
  -31  -2749  -228
  6  -2726  -13
  5  -2730  -78
  38  -2728  -159
  24  -2744  -5
  -9  -2717  -1
  15  -2740  -101
  0  -2769  -94
  -43  -2722  1
  24  -2747  -241
  -17  -2748  116
  -29  -2743  -84
  9  -2801  45
  -77  -2753  82
  -19  -2755  -21
  17  -2760  -103
  10  -2756  -69
  -25  -2776  17
  35  -2770  3
  61  -2755  -63
  57  -2732  19
  -6  -2767  259
  -1  -2739  -180
  15  -2759  -240
  21  -2757  -52
  -26  -2760  -72
  -29  -2779  -23
  -53  -2734  -62
  -49  -2750  -27
  -9  -2771  126
  11  -2766  -464
  58  -2754  -239
  19  -2719  -227
  35  -2761  54
  0  -2739  -26
  -12  -2746  9
  -19  -2739  -86
  8  -2746  102
  -17  -2750  -84
  -51  -2744  -238
  -68  -2739  56
  -33  -2730  -225
  8  -2750  -134
  11  -2753  -55
  -2  -2735  37
  -23  -2716  -137
  22  -2737  -24
  -21  -2735  304
  11  -2762  -127
  45  -2733  -176
  -22  -2762  -24
  -23  -2771  -192
  9  -2760  36
  0  -2736  338
  21  -2770  -149
  33  -2759  -48
  -37  -2743  69
  12  -2752  -93
  0  -2750  -184
  11  -2765  6
  -12  -2792  -251
  57  -2768  45
  21  -2767  -18
  -28  -2791  -11
  17  -2723  -66
  -24  -2773  -130
  -49  -2773  -56
  -30  -2748  -52
  5  -2760  33
  -43  -2780  -20
  -29  -2766  23
  -36  -2790  -19
  27  -2763  108
  12  -2776  112
  -13  -2770  -59
  55  -2770  -112
  34  -2769  -1
  61  -2796  -253
  54  -2789  107
  -18  -2767  66
  39  -2761  -228
  8  -2780  -182
  -37  -2760  -116
  -48  -2767  5
  -43  -2770  57
  -22  -2810  -91
  -41  -2788  -69
  -19  -2760  -15
  -29  -2756  -83
  20  -2790  70
  -40  -2781  -211
  34  -2775  104
  10  -2749  -86
  34  -2754  -47
  -21  -2750  -50
  23  -2744  -1
  58  -2783  -12
  -24  -2725  -7
  32  -2776  -139
  12  -2757  -111
  7  -2729  -50
  -17  -2741  31
  16  -2750  -71
  30  -2778  -176
  7  -2771  48
  -27  -2750  54
  -20  -2749  -185
  -78  -2734  -50
  -57  -2778  -248
  -28  -2722  -15
  -32  -2741  108
  6  -2721  -221
  7  -2727  -23
  -22  -2725  -146
  64  -2765  -2
  7  -2746  26
  57  -2732  -12
  2  -2712  91
  34  -2702  -72
  32  -2706  -98
  -64  -2768  -472
  -25  -2729  15
  -38  -2748  257
  -33  -2718  -44
  -51  -2756  89
  -38  -2756  -119
  -4  -2759  88
  -17  -2763  -88
  -13  -2760  -81
  -11  -2755  35
  2  -2742  -79
  47  -2755  -188
  -8  -2741  347
  13  -2751  -46
  11  -2728  6
  -4  -2723  272
  -41  -2731  -227
  -50  -2761  -74
  -40  -2736  -43
  9  -2762  333
  -48  -2777  265
  -40  -2767  -78
  23  -2744  63
  36  -2754  -4
  -38  -2725  78
  16  -2733  -500
  21  -2749  45
  -3  -2718  25
  38  -2752  48
  -32  -2746  -112
  -57  -2729  -9
  -21  -2741  126
  -27  -2720  78
  4  -2767  -61
  25  -2742  -93
  -34  -2729  51
  24  -2722  -17
  82  -2806  -192
  27  -2757  -98
  -15  -2789  -134
  -3  -2758  -129
  14  -2739  107
  6  -2734  -458
  1  -2760  -160
  -2  -2697  -221
  -66  -2766  -138
  -31  -2794  46
  -4  -2744  -21
  14  -2731  62
  -10  -2757  60
  -13  -2770  -123
  0  -2733  -55
  7  -2765  -72
  41  -2787  53
  -5  -2749  74
  -16  -2744  -159
  44  -2784  -116
  47  -2797  -67
  19  -2791  -205
  24  -2800  -45
  18  -2781  -131
  -45  -2755  99
  -15  -2751  -110
  35  -2780  -117
  -3  -2771  40
  -4  -2771  -153
  35  -2762  -173
  36  -2759  -99
  61  -2750  -30
  60  -2777  -86
  78  -2754  -4
  23  -2758  6
  12  -2773  -203
  5  -2765  -43
  47  -2767  -24
  -15  -2748  47
  -22  -2755  -105
  -6  -2769  44
  -31  -2778  -52
  -62  -2782  -130
  -30  -2729  -160
  -24  -2769  -203
  -23  -2776  63
  6  -2769  -198
  -14  -2783  -46
  20  -2771  -74
  22  -2727  -51
  28  -2731  -129
  -20  -2766  -102
  20  -2762  -79
  12  -2769  26
  -5  -2720  -14
  9  -2732  -159
  25  -2725  -112
  60  -2759  -153
  -14  -2758  -83
  -9  -2767  -55
  -50  -2763  -76
  -46  -2805  -165
  -45  -2744  310
  -66  -2722  -17
  -19  -2751  -235
  -28  -2743  -155
  -15  -2759  -69
  27  -2743  58
  15  -2759  -3
  51  -2739  -17
  4  -2720  -33
  22  -2733  -79
  -6  -2728  -167
  24  -2748  -59
  29  -2732  -39
  -50  -2716  -93
  -41  -2758  54
  -87  -2758  116
  -36  -2726  -41
  -51  -2767  -210
  -21  -2728  8
  -30  -2769  -66
  -5  -2763  -66
  -19  -2759  -10
  -4  -2728  107
  37  -2776  -148
  11  -2741  -133
  19  -2748  47
  -18  -2751  -138
  -13  -2775  -163
  -27  -2723  -221
  -32  -2731  -19
  -62  -2784  303
  -23  -2763  111
  -9  -2779  23
  3  -2695  61
  8  -2761  -25
  35  -2758  -108
  14  -2783  -38
  16  -2732  -34
  21  -2762  -40
  11  -2763  -174
  -36  -2726  -116
  -19  -2735  -107
  -48  -2712  -179
  -25  -2752  277
  -43  -2750  65
  -39  -2746  110
  12  -2772  -149
  -71  -2745  -151
  2  -2760  -102
  26  -2773  33
  -2  -2755  -173
  9  -2729  117
  -41  -2738  -123
  18  -2735  66
  5  -2766  -12
  8  -2760  -104
  -37  -2746  -98
  12  -2748  73
  20  -2739  105
  -54  -2778  -45
  9  -2794  -24
  -13  -2730  -111
  -34  -2731  -95
  -26  -2771  56
  -53  -2775  -69
  8  -2764  -64
  -19  -2774  58
  -24  -2769  -88
  23  -2775  -88
  -34  -2783  -18
  -16  -2779  -83
  -43  -2762  -193
  43  -2782  -89
  -17  -2766  -208
  -6  -2786  -44
  -21  -2762  -175
  8  -2767  -6
  -35  -2771  -37
  16  -2774  -208
  28  -2760  -138
  60  -2755  64
  1  -2769  -21
  -16  -2782  -49
  48  -2779  81
  -6  -2768  120
  41  -2789  -65
  -13  -2762  -66
  -9  -2764  285
  -27  -2802  72
  -63  -2789  -7
  -1  -2778  -60
  -54  -2740  -186
  -24  -2723  1
  -60  -2766  -43
  -58  -2766  72
  -39  -2767  -64
  -24  -2791  300
  -47  -2774  -60
  -16  -2738  -86
  -9  -2778  107
  -23  -2752  -8
  25  -2768  320
  22  -2757  -127
  -1  -2749  -77
  -10  -2730  -43
  8  -2770  -109
  62  -2760  10
  -14  -2754  -168
  -25  -2779  -38
  -34  -2757  -251
  -4  -2719  -153
  -48  -2776  -120
  -35  -2743  42
  -37  -2773  -184
  0  -2721  -9
  6  -2770  52
  -10  -2743  -50
  20  -2750  -487
  -4  -2741  -112
  14  -2736  -397
  15  -2751  -166
  15  -2745  51
  46  -2758  -23
  13  -2742  118
  12  -2705  -37
  -2  -2724  92
  -42  -2754  -20
  -3  -2731  -211
  -41  -2724  -192
  -12  -2712  -51
  -7  -2739  -32
  -75  -2742  -85
  -26  -2727  10
  -43  -2754  -57
  -15  -2745  378
  -20  -2758  17
  53  -2763  104
  24  -2754  22
  -37  -2750  -60
  -13  -2773  -75
  -14  -2759  -177
  5  -2737  -216
  -52  -2745  -92
  -19  -2760  -206
  -8  -2743  -84
  -54  -2762  -38
  56  -2769  90
  -67  -2715  4
  7  -2752  -421
  11  -2730  -62
  -26  -2747  -192
  54  -2747  -41
  -21  -2801  78
  -33  -2755  90
  -1  -2739  90
  -21  -2748  -106
  9  -2732  -138
  -15  -2767  -41
  -3  -2727  21
  20  -2740  -4
  32  -2782  -14
  -20  -2741  -203
  4  -2769  -108
  9  -2763  -22
  4  -2773  -88
  21  -2761  -47
  -21  -2748  -168
  41  -2772  -75
  28  -2724  66
  -20  -2742  0
  8  -2785  -439
  26  -2756  33
  27  -2776  -60
  21  -2747  -103
  -13  -2765  -31
  41  -2755  -30
  15  -2777  50
  -3  -2791  58
  -41  -2776  -168
  -14  -2754  -2
  49  -2772  -146
  -2  -2798  -42
  -46  -2783  36
  -1  -2800  -26
  1  -2776  -241
  18  -2773  -201
  -1  -2767  -43
  -4  -2771  -43
  28  -2760  1
  48  -2777  58
  2  -2771  -26
  15  -2753  30
  -10  -2789  -22
  12  -2778  -14
  49  -2763  30
  -6  -2746  36
  43  -2808  -147
  8  -2782  -42
  -3  -2803  -15
  -38  -2778  -56
  -6  -2751  -198
  -79  -2764  78
  -28  -2766  43
  -63  -2800  -18
  -7  -2777  -414
  -63  -2781  -6
  -17  -2764  -62
  47  -2759  -74
  -43  -2776  -102
  -48  -2742  -150
  -27  -2751  -33
  59  -2755  -189
  29  -2740  78
  11  -2774  -214
  28  -2758  -100
  0  -2755  -192
  10  -2781  -90
  50  -2758  -189
  -25  -2747  -23
  -39  -2743  -36
  39  -2731  -78
  -46  -2773  -182
  -46  -2780  124
  -35  -2760  -88
  -27  -2756  -448
  -56  -2772  -58
  -4  -2745  31
  -63  -2750  287
  -21  -2741  -93
  30  -2725  -195
  1  -2739  -100
  -6  -2702  -121
  33  -2724  -56
  48  -2765  -125
  37  -2728  -175
  5  -2722  -2
  -19  -2751  77
  -46  -2753  -25
  -35  -2739  -63
  -26  -2731  -114
  -45  -2748  -60
  -46  -2766  -66
  -7  -2717  -12
  -53  -2747  -208
  8  -2738  -88
  3  -2723  -140
  -23  -2723  46
  -2  -2730  -112
  0  -2736  -182
  5  -2742  -75
  25  -2747  -199
  -56  -2763  -114
  0  -2739  -157
  15  -2770  -46
  35  -2765  -123
  -31  -2749  -37
  -22  -2764  98
  0  -2734  274
  -15  -2747  -227
  9  -2707  -14
  -8  -2747  -34
  -22  -2739  -31
  12  -2725  -108
  -30  -2724  -28
  -42  -2760  -59
  11  -2761  -40
  76  -2752  18
  -29  -2782  -22
  25  -2762  257
  33  -2769  -116
  7  -2756  -49
  43  -2731  66
  3  -2766  -119
  -20  -2762  -71
  -34  -2761  -459
  -29  -2727  -51
  -69  -2769  -43
  10  -2756  309
  19  -2758  67
  -40  -2751  41
  -13  -2761  -56
  42  -2756  -222
  63  -2756  24
  -5  -2773  -27
  -31  -2776  -182
  3  -2787  118
  -6  -2768  22
  19  -2739  -80
  -13  -2758  -51
  13  -2770  -174
  -12  -2768  75
  -6  -2747  99
  -23  -2761  -58
  2  -2753  -100
  -21  -2784  -32
  -4  -2762  52
  2  -2808  -76
  17  -2772  19
  -48  -2738  -211
  21  -2777  92
  22  -2777  -88
  39  -2775  121
  1  -2790  54
  1  -2763  -150
  30  -2781  -122
  13  -2764  -127
  36  -2758  51
  -73  -2773  -99
  -49  -2768  -147
  5  -2742  -251
  -67  -2784  100
  10  -2785  -144
  -21  -2740  -81
  6  -2765  -238
  -3  -2760  -48
  -16  -2765  -196
  14  -2774  67
  50  -2769  46
  39  -2776  12
  78  -2779  -147
  61  -2746  79
  -11  -2746  -215
  43  -2760  -203
  45  -2761  -2
  -19  -2754  75
  0  -2744  -100
  -32  -2753  35
  -17  -2719  38
  -50  -2753  -105
  -64  -2740  59
  -31  -2760  -54
  -114  -2769  -50
  -39  -2724  -103
  35  -2766  -59
  31  -2736  45
  -30  -2735  -229
  52  -2723  -43
  3  -2698  26
  61  -2738  -124
  62  -2726  -105
  7  -2743  -90
  1  -2721  -20
  -10  -2721  91
  -33  -2765  -226
  -56  -2756  -234
  -8  -2740  62
  -27  -2777  -76
  -60  -2744  -70
  23  -2741  -180
  27  -2771  50
  -20  -2736  -106
  16  -2761  -401
  63  -2718  -17
  13  -2721  22
  -3  -2735  -116
  4  -2719  -225
  -5  -2744  -107
  -16  -2729  -96
  -31  -2744  -18
  -11  -2736  86
  -42  -2754  -189
  1  -2771  -238
  32  -2730  -61
  3  -2767  -68
  8  -2752  -60
  -22  -2731  115
  6  -2739  -115
  -11  -2706  -151
  -22  -2750  -68
  -11  -2730  -245
  -19  -2752  -108
  8  -2757  -78
  44  -2725  -138
  17  -2739  -226
  -10  -2754  -74
  18  -2747  -88
  6  -2731  -49
  -35  -2758  -7
  -14  -2736  29
  14  -2748  43
  -18  -2750  -251
  -4  -2758  -183
  23  -2773  -66
  -29  -2753  -9
  43  -2750  -50
  12  -2786  -51
  4  -2758  -114
  19  -2755  -52
  -23  -2758  -233
  2  -2785  -99
  3  -2748  -153
  10  -2762  -35
  -103  -2765  -120
  -99  -2777  64
  -11  -2768  -49
  -39  -2761  -10
  10  -2785  24
  1  -2795  -54
  -4  -2767  -6
  2  -2751  -22
  -4  -2764  57
  -32  -2799  -198
  -9  -2756  -398
  77  -2766  -39
  28  -2773  -390
  -14  -2788  -68
  35  -2760  -44
  -10  -2774  27
  11  -2776  34
  57  -2755  60
  -14  -2785  -141
  -22  -2749  -127
  -19  -2768  -193
  -15  -2768  -55
  -57  -2785  -43
  -11  -2792  -67
  -87  -2759  -17
  -86  -2770  -240
  40  -2782  91
  55  -2762  -55
  12  -2775  24
  39  -2782  -95
  66  -2722  -160
  52  -2753  -41
  24  -2716  -21
  4  -2741  -29
  10  -2746  -85
  -36  -2785  -27
  -7  -2785  -118
  -28  -2741  -169
  -37  -2761  -47
  -42  -2745  -70
  -31  -2746  96
  -30  -2723  -19
  -71  -2731  -22
  -42  -2730  -64
  -26  -2734  -80
  -20  -2732  -62
  -47  -2717  100
  3  -2725  26
  67  -2735  -79
  94  -2751  -178
  48  -2714  113
  74  -2738  -166
  20  -2739  87
  -5  -2746  -42
  -4  -2716  -160
  -53  -2732  -87
  50  -2752  -19
  -41  -2722  -96
  1  -2719  -213
  -31  -2749  -51
  -44  -2775  51
  -22  -2734  -63
  -10  -2746  -94
  -4  -2743  -147
  5  -2750  -420
  -5  -2731  -131
  -65  -2722  -143
  -5  -2736  -66
  64  -2742  20
  17  -2752  -94
  -25  -2738  -71
  -65  -2736  -44
  -114  -2750  -80
  -33  -2752  -149
  11  -2741  42
  -9  -2760  -18
  -5  -2748  -152
  18  -2741  -196
  14  -2742  -23
  60  -2719  -96
  -25  -2726  -108
  -1  -2725  -66
  4  -2765  -65
  14  -2731  -34
  18  -2759  -6
  44  -2746  -13
  27  -2744  -47
  22  -2777  -130
  5  -2755  -431
  0  -2720  -189
  -5  -2773  -48
  2  -2764  -68
  -40  -2782  -121
  1  -2735  -416
  18  -2733  51
  -11  -2718  -55
  19  -2740  -177
  30  -2740  -152
  -23  -2739  -64
  21  -2743  -80
  8  -2764  -237
  -24  -2728  -46
  -76  -2779  -75
  42  -2770  -35
  22  -2717  53
  8  -2756  -78
  38  -2784  -82
  -22  -2764  -229
  -61  -2803  27
  16  -2745  -2
  -13  -2815  -253
  16  -2767  -150
  9  -2740  -27
  11  -2757  -78
  -26  -2758  -16
  -14  -2795  -31
  70  -2804  -117
  25  -2815  -92
  -4  -2759  -46
  -23  -2747  72
  67  -2730  -29
  8  -2800  -154
  41  -2761  -66
  -12  -2747  -151
  9  -2789  -96
  -47  -2782  -64
  -76  -2767  -26
  -42  -2756  -121
  -44  -2777  -103
  -8  -2750  115
  -8  -2784  -18
  -58  -2800  -136
  5  -2758  -146
  0  -2757  -161
  5  -2760  -15
  16  -2764  19
  25  -2753  -177
  -24  -2793  -238
  -2  -2740  -174
  27  -2759  -50
  -1  -2744  -55
  -15  -2742  -35
  61  -2745  -118
  -8  -2751  -248
  -28  -2720  -61
  -11  -2734  -229
  -25  -2769  -54
  -43  -2734  -20
  -26  -2722  62
  -44  -2762  -207
  -36  -2738  -204
  -5  -2748  37
  -73  -2731  -94
  36  -2750  -210
  -11  -2761  -202
  0  -2776  97
  0  -2742  -25
  -2  -2735  -38
  -8  -2722  89
  -31  -2740  302
  -45  -2725  269
  -23  -2723  -125
  -13  -2767  33
  12  -2757  -222
  -63  -2747  -63
  -25  -2747  -219
  -57  -2755  72
  19  -2760  -144
  68  -2743  -49
  41  -2708  -54
  54  -2772  76
  13  -2763  22
  21  -2733  -44
  35  -2712  -124
  -21  -2751  -219
  -33  -2772  -189
  20  -2757  -159
  -18  -2749  -93
  -34  -2730  -191
  -37  -2754  -26
  -36  -2725  -174
  -32  -2752  -84
  12  -2781  116
  42  -2730  -99
  4  -2709  58
  6  -2735  25
  -36  -2760  -169
  1  -2767  35
  15  -2763  101
  -7  -2717  -108
  -6  -2738  -6
  -16  -2733  28
  -20  -2741  -102
  3  -2770  -117
  48  -2722  -47
  43  -2755  -124
  -53  -2777  -47
  0  -2723  -87
  -36  -2742  28
  -30  -2765  84
  -13  -2794  -72
  -46  -2756  53
  -15  -2756  -24
  37  -2753  -19
  41  -2796  -185
  27  -2773  -242
  18  -2778  -54
  5  -2760  -255
  -29  -2760  15
  -33  -2761  -431
  36  -2779  46
  31  -2761  41
  47  -2770  -14
  7  -2787  25
  -35  -2741  -215
  -61  -2749  -95
  -17  -2773  121
  -18  -2778  -74
  -26  -2766  -60
  -63  -2789  119
  12  -2748  -98
  -1  -2784  -30
  65  -2807  -20
  15  -2801  -118
  37  -2780  -170
  56  -2733  -215
  77  -2794  -204
  -9  -2756  -23
  -8  -2765  -182
  -19  -2784  -109
  -19  -2763  -241
  -9  -2752  -100
  -114  -2759  290
  -41  -2776  -204
  -47  -2770  -140
  -17  -2767  -143
  -26  -2757  -108
  -29  -2745  -27
  25  -2799  -58
  34  -2770  54
  77  -2768  -129
  30  -2760  -106
  16  -2758  -682
  7  -2783  -125
  27  -2721  33
  33  -2773  112
  26  -2777  58
  -16  -2754  -429
  32  -2746  -131
  5  -2740  -189
  -48  -2772  290
  -58  -2761  -63
  -28  -2726  -50
  -47  -2722  -29
  -54  -2774  -3
  -1  -2762  64
  -18  -2741  -27
  13  -2728  -8
  21  -2750  75
  20  -2749  29
  22  -2734  -62
  22  -2723  -202
  -31  -2743  -1
  -44  -2763  -102
  7  -2733  -15
  5  -2748  80
  -3  -2731  -131
  -3  -2743  -23
  -43  -2754  306
  37  -2796  -225
  -23  -2738  -90
  -14  -2724  -441
  -28  -2695  -15
  12  -2755  12
  -3  -2764  -122
  3  -2775  305
  21  -2710  -115
  44  -2725  -120
  -9  -2722  -224
  -23  -2749  -104
  3  -2717  -54
  -11  -2729  -98
  -22  -2750  -186
  13  -2729  -463
  14  -2758  -16
  -18  -2708  108
  37  -2708  -61
  55  -2713  -44
  -16  -2729  332
  -16  -2747  -37
  -22  -2741  38
  -41  -2711  64
  5  -2744  -239
  -16  -2701  -220
  -33  -2745  95
  -60  -2757  -33
  7  -2727  331
  -37  -2752  -76
  -11  -2736  -16
  63  -2740  -56
  -18  -2761  -27
  50  -2766  -137
  -60  -2759  51
  -13  -2746  21
  -20  -2751  35
  -39  -2741  -61
  -26  -2747  334
  11  -2772  -33
  6  -2764  -178
  17  -2759  -195
  3  -2754  -29
  -1  -2764  -84
  -51  -2753  -40
  11  -2768  37
  -10  -2779  12
  -7  -2788  -77
  -28  -2745  -127
  13  -2792  -166
  8  -2762  -135
  37  -2762  -115
  -22  -2782  -43
  -6  -2766  -189
  -27  -2767  -243
  31  -2755  -3
  -12  -2766  -108
  11  -2748  -25
  30  -2769  72
  47  -2778  -11
  -6  -2752  -30
  49  -2766  -102
  6  -2780  -205
  36  -2779  16
  -8  -2794  109
  22  -2780  -96
  -2  -2792  -94
  -30  -2770  -10
  -52  -2747  -30
  -34  -2750  -121
  -39  -2782  -82
  -57  -2771  -122
  -10  -2761  96
  10  -2774  -453
  10  -2771  -160
  24  -2794  -43
  42  -2796  -14
  15  -2774  -109
  34  -2742  -127
  20  -2758  -245
  28  -2780  81
  9  -2776  -19
  12  -2727  97
  21  -2762  -115
  1  -2780  -11
  -10  -2746  288
  -28  -2770  115
  -1  -2790  41
  -65  -2724  -214
  -87  -2734  114
  -57  -2756  51
  -10  -2742  80
  -17  -2728  83
  -17  -2740  -228
  12  -2770  -20
  8  -2711  26
  29  -2753  -179
  39  -2690  -169
  -31  -2751  -81
  58  -2719  -13
  14  -2751  -30
  -22  -2741  -146
  -80  -2756  63
  -27  -2732  -94
  -17  -2763  -198
  -19  -2738  316
  -3  -2737  3
  1  -2751  -231
  -4  -2757  -113
  -25  -2773  22
  1  -2736  -140
  24  -2727  -12
  5  -2730  9
  -2  -2745  110
  32  -2753  -1
  7  -2708  -56
  -2  -2746  -125
  -7  -2734  -21
  -28  -2729  -18
  -39  -2748  -128
  -12  -2745  -57
  -16  -2716  -222
  10  -2730  -30
  8  -2738  -96
  5  -2717  -41
  29  -2743  258
  51  -2731  -429
  -54  -2730  -64
  -52  -2761  114
  -25  -2733  -103
  52  -2758  -46
  -42  -2754  -67
  -51  -2769  -173
  -42  -2762  -182
  -11  -2777  327
  42  -2737  -12
  -2  -2725  -106
  -73  -2727  -43
  -38  -2709  -112
  -21  -2755  -51
  -39  -2754  -114
  21  -2801  -144
  -9  -2773  -93
  -11  -2746  -92
  2  -2726  -36
  -54  -2785  -90
  23  -2760  -35
  21  -2730  -91
  37  -2725  -64
  5  -2767  -115
  -5  -2739  -32
  -13  -2763  -77
  0  -2761  -57
  12  -2770  -59
  65  -2757  -26
  17  -2752  307
  0  -2781  -30
  45  -2776  -71
  -12  -2763  -88
  -20  -2757  -391
  -22  -2786  -223
  -60  -2770  -9
  -9  -2778  -35
  -17  -2785  53
  12  -2778  -4
  19  -2803  -95
  7  -2809  -140
  34  -2777  37
  44  -2798  -124
  -27  -2772  -120
  -5  -2753  -76
  -8  -2804  -108
  -18  -2767  -87
  -39  -2782  297
  -68  -2753  -11
  -76  -2792  -216
  -44  -2788  -8
  12  -2743  -90
  -10  -2765  51
  -9  -2772  -134
  -46  -2735  107
  40  -2786  -17
  36  -2786  -48
  10  -2764  -33
  40  -2759  -75
  -14  -2741  36
  65  -2752  -125
  30  -2775  97
  -7  -2785  -28
  -35  -2767  -183
  -1  -2766  35
  14  -2752  -36
  -52  -2745  -385
  -36  -2758  73
  -10  -2769  -124
  -38  -2781  302
  -46  -2742  -104
  -29  -2720  -49
  -5  -2750  -61
  9  -2730  96
  16  -2772  -202
  -4  -2728  -94
  -57  -2746  -8
  13  -2722  -197
  -20  -2741  256
  23  -2742  -92
  -41  -2741  48
  24  -2757  -76
  -48  -2746  25
  -25  -2743  29
  -31  -2748  -231
  -41  -2752  119
  -31  -2738  267
  -28  -2778  -49
  38  -2754  -168
  -10  -2760  -140
  -9  -2738  -71
  -10  -2749  -100
  45  -2747  -391
  -31  -2754  -226
  -1  -2724  60
  18  -2740  -72
  -35  -2762  -40
  5  -2748  -102
  -4  -2768  -1
  -22  -2751  -233
  -52  -2755  -1
  7  -2740  -92
  37  -2744  -68
  33  -2730  -49
  -18  -2738  79
  42  -2750  -122
  -44  -2740  -31
  24  -2743  -122
  12  -2729  -4
  -3  -2739  -130
  4  -2713  -119
  28  -2751  -55
  33  -2755  108
  -20  -2746  123
  50  -2765  -119
  65  -2706  -110
  58  -2724  -77
  -25  -2743  -486
  17  -2759  46
  -55  -2740  127
  -24  -2724  -69
  34  -2773  -62
  -13  -2756  -213
  -17  -2752  -18
  -15  -2769  -44
  -20  -2746  -5
  -32  -2767  -44
  10  -2755  -228
  -35  -2761  340
  6  -2739  355
  -26  -2766  -110
  -31  -2750  -83
  -2  -2774  24
  7  -2783  -193
  37  -2763  10
  -53  -2780  -72
  43  -2767  -242
  -43  -2753  -29
  -35  -2770  -65
  -11  -2778  -126
  -32  -2786  -9
  -12  -2784  -82
  46  -2774  -8
  53  -2792  -218
  13  -2752  48
  55  -2798  104
  36  -2768  -116
  43  -2766  -49
  16  -2773  -29
  13  -2770  349
  -42  -2792  111
  -40  -2758  -87
  -10  -2777  101
  16  -2798  289
  -41  -2763  347
  -49  -2757  57
  -43  -2786  -65
  -4  -2772  -101
  24  -2807  -29
  -20  -2785  -43
  64  -2747  99
  29  -2770  -85
  2  -2761  63
  -9  -2780  34
  -23  -2760  39
  -49  -2759  -193
  23  -2755  -111
  55  -2760  109
  -10  -2771  -49
  -50  -2755  -108
  5  -2764  -17
  -45  -2724  -125
  -11  -2739  -75
  -23  -2718  -73
  -106  -2767  126
  -51  -2757  -110
  -8  -2772  122
  -38  -2740  -209
  4  -2728  -55
  20  -2729  -104
  20  -2738  39
  3  -2743  -121
  56  -2778  -81
  8  -2704  107
  9  -2764  -15
  -13  -2745  -188
  -5  -2754  -7
  -29  -2748  -192
  -13  -2752  -449
  -58  -2735  -134
  13  -2756  -130
  -2  -2774  -95
  -16  -2727  -155
  -15  -2753  -450
  28  -2750  -194
  -8  -2728  95
  -21  -2698  302
  27  -2745  4
  14  -2730  -113
  28  -2731  -112
  -9  -2734  -68
  -31  -2723  -16
  -2  -2783  -422
  -30  -2749  -158
  6  -2745  -11
  11  -2714  47
  -38  -2737  -155
  -26  -2738  34
  -11  -2725  -217
  14  -2755  -93
  -50  -2741  22
  4  -2717  15
  27  -2728  -60
  -37  -2738  -22
  -19  -2747  -126
  -44  -2733  -116
  -9  -2743  48
  -17  -2723  -159
  25  -2737  -60
  20  -2749  -220
  34  -2758  -70
  8  -2755  -7
  -38  -2750  -192
  -33  -2723  -136
  0  -2742  90
  53  -2729  -115
  -46  -2731  -27
  31  -2771  19
  44  -2767  -100
  -16  -2755  -33
  -56  -2742  -30
  -31  -2768  107
  -11  -2749  -81
  7  -2728  -29
  23  -2757  4
  12  -2750  100
  5  -2742  -86
  -5  -2771  -2
  28  -2744  -84
  31  -2778  -122
  27  -2758  -174
  18  -2755  116
  -25  -2761  36
  -32  -2779  -93
  -16  -2792  -183
  -44  -2785  100
  43  -2773  117
  -10  -2787  35
  52  -2765  45
  43  -2782  -126
  57  -2791  74
  53  -2784  79
  62  -2760  117
  -30  -2789  -81
  17  -2810  85
  -11  -2773  -15
  20  -2800  54
  6  -2781  -15
  -3  -2791  -29
  -58  -2807  -76
  -79  -2766  -160
  20  -2748  -43
  -23  -2771  -43
  2  -2781  -197
  36  -2760  66
  40  -2748  44
  46  -2759  -72
  33  -2763  -393
  10  -2744  -20
  67  -2777  273
  62  -2771  -5
  10  -2763  -484
  25  -2786  -112
  -40  -2747  -93
  -64  -2789  -4
  -11  -2761  -117
  -66  -2752  -403
  -66  -2750  -15
  -88  -2735  -254
  -32  -2742  -123
  -70  -2776  -112
  -20  -2761  -113
  13  -2715  -129
  -34  -2740  -154
  -8  -2736  -226
  -41  -2759  -99
  -2  -2735  15
  16  -2731  -9
  -12  -2730  -93
  4  -2743  -22
  -5  -2721  -15
  3  -2767  -119
  8  -2759  43
  -65  -2752  7
  -6  -2710  -457
  21  -2744  41
  -20  -2747  -212
  -3  -2753  -69
  -74  -2755  -72
  25  -2758  -248
  34  -2744  -83
  -34  -2720  -247
  6  -2761  -5
  -12  -2737  -33
  15  -2737  -22
  -6  -2767  -38
  -30  -2743  -141
  30  -2769  -112
  -91  -2727  347
  -56  -2715  23
  3  -2739  -34
  -30  -2754  -50
  -15  -2739  -174
  35  -2738  -33
  -15  -2698  -184
  30  -2703  -67
  1  -2757  -135
  12  -2740  47
  22  -2733  86
  -42  -2762  -707
  -36  -2772  -82
  21  -2719  -34
  49  -2705  -58
  30  -2730  -78
  6  -2741  -76
  -49  -2731  11
  -2  -2753  -74
  36  -2747  -170
  -32  -2722  -199
  -10  -2755  -16
  26  -2770  -91
  -33  -2729  -100
  -36  -2757  -230
  21  -2796  365
  7  -2763  -66
  23  -2772  -51
  -9  -2781  -43
  -14  -2728  270
  20  -2770  -123
  28  -2751  -61
  12  -2772  -119
  10  -2793  -15
  -38  -2767  10
  -20  -2772  -89
  18  -2774  -127
  37  -2759  32
  37  -2762  -109
  -13  -2770  -101
  -23  -2751  93
  -11  -2798  -18
  -26  -2766  -34
  -29  -2754  15
  4  -2765  -83
  19  -2774  -48
  62  -2788  -127
  59  -2776  39
  10  -2750  29
  36  -2814  -388
  13  -2779  -101
  -19  -2781  31
  -6  -2773  -99
  -47  -2752  -78
  -76  -2782  -122
  -44  -2769  -213
  -73  -2779  281
  -60  -2734  -164
  -37  -2813  99
  9  -2810  258
  49  -2747  58
  -5  -2760  -192
  -23  -2731  -4
  -2  -2778  -169
  76  -2753  -391
  14  -2737  354
  -23  -2763  -12
  34  -2734  -185
  24  -2769  56
  18  -2777  -179
  -16  -2771  -434
  5  -2760  31
  7  -2737  -220
  -33  -2782  -43
  -6  -2766  -10
  -25  -2780  -3
  -54  -2749  -187
  41  -2732  18
  4  -2750  -107
  -16  -2736  -46
  -11  -2750  -431
  14  -2748  73
  -48  -2717  -81
  60  -2750  -120
  1  -2736  -11
  40  -2747  -248
  -12  -2708  -133
  -14  -2714  565
  48  -2738  -477
  -2  -2745  -226
  -1  -2732  -248
  -42  -2734  -27
  -51  -2767  -137
  30  -2724  -247
  33  -2762  88
  -4  -2742  278
  27  -2736  97
  0  -2729  -28
  48  -2758  -47
  -4  -2772  -76
  20  -2704  -30
  -14  -2742  -19
  15  -2737  -91
  -16  -2739  -90
  11  -2720  27
  2  -2720  557
  -10  -2787  302
  38  -2742  -104
  -8  -2751  -230
  73  -2738  -5
  11  -2740  299
  30  -2731  -55
  8  -2708  -229
  -39  -2753  -176
  -52  -2745  98
  11  -2734  39
  -49  -2727  -52
  -32  -2751  20
  12  -2753  -21
  -14  -2741  -228
  13  -2733  -95
  24  -2743  -202
  -31  -2741  -29
  -5  -2752  -88
  -1  -2742  -64
  52  -2750  30
  3  -2754  300
  -41  -2778  -25
  0  -2757  24
  -26  -2729  -73
  14  -2746  -2
  -10  -2790  -6
  -35  -2763  -2
  -28  -2750  -101
  8  -2759  -249
  7  -2779  92
  8  -2773  -387
  -13  -2756  325
  -42  -2750  -179
  35  -2777  -41
  14  -2750  -220
  12  -2749  -241
  -1  -2765  -87
  -6  -2803  -24
  26  -2777  97
  -26  -2764  -39
  -22  -2742  13
  -27  -2758  -43
  49  -2746  -439
  41  -2783  -175
  47  -2775  -216
  15  -2778  59
  81  -2780  114
  45  -2778  -20
  18  -2786  114
  49  -2799  62
  -4  -2732  -4
  -28  -2761  -26
  -50  -2784  -207
  -11  -2792  104
  -13  -2747  8
  -74  -2765  -101
  -36  -2814  -68
  -29  -2774  -130
  5  -5  -54
  -32  -2774  -7
  -24  -2780  367
  21  -2780  76
  55  -2774  -87
  5  -2753  45
  -13  -2778  106
  80  -2764  -48
  39  -2757  -151
  -11  -2770  -198
  -26  -2760  -104
  -41  -2765  -41
  -68  -2743  -100
  -7  -2751  -473
  -42  -2758  -45
  -48  -2737  14
  -34  -2781  -492
  0  -2760  -33
  -1  -2775  -142
  -11  -2813  -97
  -3  -2772  -175
  -6  -2748  12
  34  -2763  -509
  16  -2753  -49
  11  -2732  -34
  -5  -2750  -252
  27  -2750  -199
  39  -2728  -47
  23  -2718  43
  -34  -2762  -191
  -50  -2748  -26
  -49  -2754  -90
  13  -2760  92
  -59  -2753  355
  -23  -2747  97
  2  -2735  -426
  14  -2736  81
  16  -2756  -26
  8  -2730  -89
  -22  -2760  126
  41  -2808  48
  21  -2755  -118
  -36  -2751  21
  -32  -2749  -193
  -1  -2717  -37
  28  -2721  -16
  14  -2738  -29
  -32  -2750  -69
  4  -2727  -28
  25  -2732  -8
  -12  -2714  -102
  16  -2721  107
  -18  -2739  47
  -56  -2727  -98
  -14  -2744  -181
  24  -2725  -9
  -29  -2735  -133
  11  -2739  355
  -14  -2743  115
  -11  -2739  56
  28  -2724  -147
  -32  -2752  -156
  7  -2730  -67
  -46  -2693  -487
  32  -2762  -18
  57  -2733  -66
  -15  -2750  -114
  -15  -2750  85
  75  -2741  -163
  12  -2741  59
  -28  -2753  73
  -17  -2749  285
  39  -2748  -96
  -40  -2742  -85
  -31  -2766  -215
  -26  -2764  43
  -4  -2722  -60
  19  -2807  -115
  25  -2760  -214
  1  -2753  42
  3  -2767  -84
  -33  -2775  -45
  19  -2760  -103
  14  -2756  71
  27  -2780  -44
  -47  -2740  32
  -51  -2747  -437
  20  -2742  -48
  15  -2759  60
  -5  -2797  -392
  22  -2772  -253
  62  -2725  -219
  -12  -2762  76
  49  -2777  -17
  28  -2761  -60
  35  -2755  -119
  12  -2751  -138
  9  -2729  24
  -32  -2795  19
  -1  -2767  37
  -59  -2745  -123
  -60  -2770  60
  2  -2735  84
  -15  -2786  -41
  -7  -2808  -120
  -21  -2781  -6
  -29  -2790  -214
  16  -2786  341
  -14  -2771  -194
  -16  -2747  -5
  74  -2776  -405
  -12  -2795  -121
  33  -2777  -14
  102  -2740  -205
  -5  -2769  99
  1  -2745  6
  -24  -2764  -19
  -59  -2750  -135
  6  -2730  109
  -70  -2747  4
  -31  -2760  -159
  -75  -2747  -108
  -47  -2798  -256
  -44  -2770  -142
  -16  -2770  -84
  -7  -2764  -8
  4  -2777  -44
  36  -2766  -142
  11  -2729  -51
  -12  -2753  -122
  27  -2756  62
  57  -2742  -77
  6  -2745  -49
  23  -2763  111
  -76  -2731  43
  -47  -2745  -188
  -14  -2749  -34
  -15  -2764  -85
  -12  -2765  -110
  -5  -2735  -158
  8  -2731  -212
  -3  -2753  -129
  5  -2741  -53
  14  -2766  -188
  27  -2736  -183
  -15  -2733  -140
  -17  -2728  -69
  28  -2720  -183
  24  -2742  -86
  -24  -2731  -146
  -77  -2723  -391
  -16  -2764  -80
  -5  -2745  -11
  -1  -2769  -190
  24  -2758  -184
  -21  -2729  32
  -43  -2711  -109
  48  -2722  -117
  39  -2707  -201
  -15  -2756  300
  17  -2730  39
  12  -2736  279
  -74  -2751  263
  -49  -2737  -240
  -28  -2724  -229
  -5  -2753  -106
  13  -2756  -19
  -23  -2749  -760
  -50  -2757  -146
  -25  -2782  -117
  2  -2763  -115
  9  -2742  -11
  -35  -2735  292
  -28  -2790  -37
  7  -2757  -15
  -13  -2746  19
  -20  -2720  -45
  14  -2745  71
  5  -2730  -72
  19  -2800  263
  7  -2756  32
  -13  -2740  84
  -15  -2752  -240
  -21  -2764  27
  18  -2759  -33
  -26  -2783  -65
  -23  -2743  -30
  -19  -2784  43
  0  -2751  -40
  19  -2730  -255
  28  -2743  -126
  -9  -2747  -71
  -4  -2751  20
  17  -2743  -33
  12  -2764  -95
  50  -2778  -436
  49  -2754  -83
  57  -2749  -36
  30  -2789  -117
  68  -2775  -121
  33  -2777  -68
  -15  -2751  45
  -5  -2748  -170
  -46  -2743  -51
  -45  -2811  -60
  -71  -2739  -160
  17  -2757  -44
  -40  -2766  3
  1  -2763  -51
  -70  -2790  -228
  -33  -2784  268
  4  -2768  -18
  -38  -2745  5
  -35  -2737  -110
  32  -2770  -246
  70  -2733  109
  -10  -2773  -116
  41  -2786  -112
  1  -2757  -8
  44  -2767  -215
  -7  -2786  -255
  -18  -2758  59
  -50  -2768  -178
  17  -2762  -42
  -27  -2759  -219
  -14  -2750  -49
  -60  -2743  -45
  -61  -2758  -189
  -92  -2753  -43
  -37  -2765  -168
  -48  -2774  -10
  18  -2771  -93
  -5  -2769  43
  5  -2754  -185
  3  -2759  -121
  -43  -2729  45
  0  -2766  -51
  25  -2730  2
  7  -2743  107
  -23  -2720  -17
  -31  -2765  -59
  17  -2740  -31
  -69  -2776  -40
  -54  -2744  -94
  -37  -2771  108
  -26  -2779  -136
  8  -2749  -174
  -15  -2718  -217
  7  -2740  -122
  57  -2742  28
  -32  -2756  61
  13  -2750  126
  6  -2751  -126
  -29  -2733  97
  -40  -2720  -24
  8  -2769  -253
  -6  -2734  83
  5  -2727  -85
  27  -2726  -88
  -4  -2756  47
  63  -2737  -134
  -29  -2732  -35
  -18  -2735  -8
  -43  -2716  262
  35  -2717  91
  13  -2721  -70
  -30  -2720  -44
  4  -2732  -207
  -6  -2724  -234
  42  -2718  -168
  -22  -2748  -131
  -18  -2761  -142
  -22  -2698  -157
  4  -2691  29
  22  -2757  -52
  4  -2734  113
  -58  -2754  -187
  -11  -2756  106
  23  -2719  -8
  10  -2758  -114
  0  -2753  -248
  -12  -2708  -84
  75  -2763  -176
  3  -2750  18
  -26  -126  -82
  -2  -2786  -1
  -16  -2753  100
  66  -2752  -118
  11  -2772  -191
  15  -2750  -41
  -39  -2750  -60
  20  -2777  -62
  1  -2794  -40
  -2  -2761  -225
  -44  -2740  -36
  -56  -2759  -225
  -34  -2760  -48
  -17  -2762  -122
  32  -2750  42
  11  -2795  -27
  16  -2756  -110
  3  -2794  10
  48  -2782  -38
  32  -2784  77
  -24  -2812  120
  39  -2799  -61
  45  -2811  -197
  5  -2800  -66
  -15  -2762  -4
  -37  -2758  -233
  -38  -2780  90
  -32  -2750  -72
  -25  -2768  -13
  -67  -2759  -112
  -46  -2759  -63
  -30  -2793  -25
  26  -2764  87
  -21  -2779  -135
  -7  -2781  -125
  16  -2749  -70
  6  -2778  -100
  11  -2778  26
  26  -2758  -123
  -4  -2785  -141
  -55  -2797  -61
  22  -2776  12
  -42  -2790  25
  -36  -2764  -41
  -35  -2776  -77
  -23  -2736  -99
  -70  -2742  -487
  -90  -2786  -138
  -56  -2772  28
  -23  -2772  23
  15  -2767  -75
  30  -2741  -46
  -44  -2764  311
  14  -2751  99
  4  -2731  308
  40  -2747  -80
  82  -2732  94
  -17  -2763  -153
  -16  -2744  -78
  9  -2736  -146
  2  -2755  265
  -28  -2749  -101
  -28  -2772  -39
  -45  -2721  -29
  -46  -2761  -241
  -19  -2724  -185
  -75  -2749  -18
  -54  -2773  -11
  23  -2739  -87
  50  -2707  -242
  56  -2769  -11
  43  -2749  -15
  -34  -2729  -216
  -24  -2721  -53
  -24  -2736  -15
  -21  -2724  -14
  -20  -2748  -1
  -11  -2775  25
  -35  -2765  -85
  -34  -2720  -92
  -54  -2759  -85
  -10  -2739  -18
  47  -2744  -226
  67  -2734  58
  10  -2737  43
  -29  -2732  -122
  -43  -2746  -38
  -49  -2744  28
  -21  -2745  87
  15  -2730  -133
  -21  -2729  102
  7  -2739  -72
  -32  -2725  277
  -13  -2747  16
  28  -2762  -124
  47  -2761  -62
  21  -2725  -10
  -27  -2757  81
  -13  -2761  -159
  -54  -2755  -62
  2  -2765  -185
  21  -2748  -77
  41  -2776  -144
  -3  -2752  -40
  39  -2724  -249
  45  -2732  -119
  8  -2736  3
  -20  -2750  -151
  0  -2771  -226
  -40  -2772  -3
  -7  -2775  -178
  -51  -2814  -1
  -4  -2768  61
  -11  -2749  -84
  8  -2753  -5
  53  -2740  -108
  -62  -2791  -20
  -63  -2770  -79
  -11  -2729  -37
  -13  -2764  -204
  -12  -2791  -189
  7  -2799  52
  5  -2765  -61
  108  -2751  -148
  83  -2758  -93
  58  -2776  45
  16  -2788  80
  36  -2805  84
  58  -2780  -162
  73  -2782  -125
  -36  -2779  53
  -31  -2746  -52
  -43  -2766  -30
  -14  -2771  -185
  -15  -2803  -248
  -1  -2771  -24
  -49  -2786  55
  14  -2756  -435
  -25  -2757  321
  68  -2756  -101
  -36  -2767  -168
  25  -2746  -93
  -19  -2738  -205
  -9  -2762  -147
  -4  -2761  -223
  36  -2723  -94
  3  -2776  -63
  -62  -2747  -44
  -25  -2770  -45
  22  -2781  -222
  -4  -2757  -215
  -48  -2733  -117
  -24  -2730  -235
  17  -2758  99
  -46  -2772  84
  -45  -2759  334
  -38  -2755  126
  25  -2776  -427
  12  -2751  58
  30  -2723  -72
  -5  -2738  -51
  -17  -2727  -79
  39  -2748  -67
  -15  -2752  9
  9  -2743  -17
  -11  -2759  -235
  -34  -2726  368
  -20  -2740  25
  30  -2769  7
  -32  -2757  -84
  -41  -2731  -400
  -13  -2748  -74
  24  -2749  -41
  -3  -2765  -190
  13  -2742  -28
  -29  -2736  123
  -2  -2744  -465
  5  -2726  -134
  -45  -2739  -97
  21  -2735  -255
  14  -2742  -37
  0  -2782  -103
  -24  -2775  -67
  6  -2763  -67
  -56  -2778  -222
  4  -2706  -2
  44  -2748  -111
  2  -2734  9
  -3  -2745  -57
  -7  -2733  80
  -9  -2735  -131
  -34  -2729  -109
  11  -2695  -97
  -37  -2728  -144
  -25  -2751  114
  13  -2761  -164
  -12  -2735  -217
  -18  -2718  -105
  4  -2751  103
  35  -2760  -2
  17  -2743  -124
  -53  -2730  -68
  -55  -2727  -96
  -20  -2714  -90
  -32  -2732  -179
  -2  -2718  -137
  -46  -2752  -161
  35  -2760  103
  56  -2726  -29
  3  -2744  -115
  40  -2735  -45
  3  -2750  -48
  -34  -2739  59
  47  -2755  90
  -27  -2724  115
  -40  -2733  -172
  -47  -2766  -202
  -13  -2771  -101
  -16  -2763  -94
  35  -2742  -61
  -6  -2780  -64
  -7  -2784  -15
  -21  -2762  -95
  38  -2740  -392
  -27  -2762  -16
  32  -2774  -82
  31  -2767  -193
  50  -2804  -399
  42  -2774  -17
  9  -2732  -97
  -9  -2787  -185
  -7  -2776  -26
  46  -2811  76
  39  -2777  -134
  4  -2774  33
  -41  -2761  -3
  11  -2786  333
  -34  -2768  -151
  -18  -2734  -20
  -6  -2740  40
  -20  -2749  -407
  4  -2742  -18
  -14  -2747  294
  -32  -2761  30
  0  -2792  -102
  -3  -2766  -118
  51  -2764  39
  64  -2784  -78
  24  -2769  16
  51  -2764  -126
  50  -2756  -105
  -34  -2763  -125
  -20  -2803  -89
  -47  -2746  -231
  -45  -2774  -117
  -8  -2741  110
  -13  -2750  -135
  -58  -2774  -76
  -11  -2742  77
  -37  -2737  -115
  -19  -2734  95
  -27  -2774  7
  -6  -2764  -131
  -47  -2765  -117
  -9  -2731  15
  42  -2723  256
  18  -2776  41
  -2  -2745  -397
  32  -2718  -33
  37  -2747  -67
  -31  -2732  -114
  -40  -2735  -178
  -43  -2774  -58
  -13  -2773  -22
  -5  -2777  32
  12  -2737  -236
  -6  -2746  -195
  28  -2767  65
  -9  -2707  -90
  3  -2747  -424
  -16  -2744  -225
  -33  -2759  -105
  50  -2725  288
  21  -2748  -202
  14  -2729  -220
  -26  -2748  -179
  -35  -2769  -94
  -30  -2727  21
  -50  -2734  73
  8  -2755  119
  -38  -2740  -136
  -15  -2763  -204
  55  -2749  -196
  -16  -2733  379
  -11  -2719  -188
  69  -2754  12
  -36  -2746  -36
  -16  -2743  -92
  32  -2758  -89
  -64  -2728  -60
  -3  -2756  -232
  19  -2724  -157
  -27  -2703  26
  -20  -2725  88
  -50  -2781  -67
  -15  -2729  -89
  19  -2730  -67
  -23  -2740  86
  -34  -2702  -24
  -15  -2736  -212
  -3  -2733  -112
  -26  -2729  -7
  8  -2755  -3
  3  -2776  -403
  7  -2737  -120
  -1  -2760  14
  -19  -2754  -127
  -13  -2757  -107
  -2  -2759  -86
  44  -2752  -70
  27  -2750  -53
  18  -2767  -163
  -40  -2792  -168
  -13  -2788  -155
  70  -2762  -43
  38  -2746  -104
  5  -2763  -134
  31  -2749  -47
  -37  -2790  -78
  -11  -2767  -13
  51  -2767  -38
  24  -2760  -205
  0  -2765  -1
  32  -2767  -84
  60  -2775  -38
  44  -2783  -16
  12  -2799  -193
  27  -2781  -87
  -4  -2762  -63
  12  -2783  -24
  -3  -2784  -100
  -51  -2761  37
  11  -2766  -230
  -13  -2750  98
  -1  -2744  -133
  -18  -2801  -147
  -15  -2765  80
  12  -2767  -12
  -14  -2791  -189
  47  -2736  -91
  -24  -2764  -36
  11  -2768  111
  21  -2745  65
  46  -2778  -74
  24  -2784  -231
  44  -2777  -182
  37  -2761  -76
  -44  -2785  -164
  12  -2761  -28
  -30  -2739  -214
  -34  -2727  -173
  -25  -2748  292
  -25  -2772  -49
  -25  -2765  -5
  1  -2753  -188
  -22  -2777  -1
  -48  -2752  -47
  59  -2780  -83
  42  -2710  -96
  49  -2726  -208
  65  -2711  -118
  2  -2764  -42
  60  -2733  17
  12  -2745  113
  -21  -2754  -473
  6  -2723  -132
  -2  -2753  89
  -1  -2754  -32
  -4  -2727  -35
  -32  -2733  -141
  -41  -2756  20
  1  -2728  -164
  -14  -2758  -125
  40  -2723  13
  -24  -2767  -22
  25  -2743  54
  -9  -2732  -41
  -6  -2733  -160
  -40  -2774  -2
  -8  -2755  -17
  -59  -2759  114
  -9  -2735  72
  -62  -2742  -43
  -81  -2728  -231
  6  -2721  -169
  6  -2735  -137
  18  -2743  -7
  10  -2700  -134
  5  -2726  -13
  24  -2745  -111
  14  -2724  -227
  -25  -2733  -221
  26  -2742  -63
  -17  -2732  -46
  -17  -2757  69
  -16  -2753  -28
  -11  -2739  -33
  3  -2738  -97
  8  -2753  -386
  2  -2752  20
  -12  -2735  -250
  -55  -2746  -17
  -39  -2723  -250
  -1  -2732  -47
  20  -2744  -196
  6  -2747  30
  -33  -2707  -205
  -16  -2756  -99
  3  -2774  -115
  27  -2748  -177
  20  -2752  -62
  -42  -2760  37
  -9  -2762  -67
  40  -2729  -16
  6  -2763  -386
  -62  -2780  -63
  -12  -2715  -389
  4  -2745  -167
  45  -2746  50
  45  -2787  102
  -17  -2730  -35
  1  -2757  -253
  -19  -2764  -162
  -38  -2772  -251
  -39  -2783  92
  -49  -2770  -28
  53  -2764  -34
  -18  -2781  -18
  77  -2757  -223
  73  -2765  -52
  48  -2797  6
  23  -2773  -249
  43  -2781  81
  -5  -2766  -73
  -37  -2771  -27
  14  -2783  -157
  -20  -2757  -85
  -21  -2778  3
  -20  -2748  -134
  -114  -2789  -119
  -36  -2761  -111
  22  -2803  -94
  21  -2791  -29
  3  -2748  -54
  44  -2756  -19
  9  -2756  -15
  -8  -2731  -101
  20  -2741  59
  35  -2757  -17
  9  -2763  -34
  14  -2746  -156
  -22  -2770  -86
  -18  -2735  -17
  5  -2763  -184
  20  -2740  -47
  -10  -2774  -158
  -40  -2763  1
  -60  -2795  -49
  -30  -2769  -155
  -11  -2762  -161
  -39  -2732  -85
  -37  -2751  -222
  -40  -2771  105
  -16  -2753  -105
  -18  -2744  -241
  36  -2755  -228
  -13  -2757  -18
  -28  -2748  -129
  49  -2738  -27
  -10  -2738  51
  21  -2774  -103
  31  -2781  -144
  -45  -2745  -7
  -7  -2745  -43
  -2  -2755  -17
  -88  -2748  -102
  -40  -2774  -119
  -21  -2760  -73
  2  -2724  -46
  38  -2735  121
  -8  -2749  -69
  -3  -2766  38
  -15  -2740  -244
  -20  -2739  12
  35  -2758  -85
  -79  -2757  -17
  3  -2745  -55
  -27  -2764  120
  -34  -2731  74
  -55  -2726  56
  7  -2758  32
  8  -2748  -21
  -12  -2697  8
  -16  -2738  -126
  6  -2744  -112
  -36  -2708  291
  -40  -2727  -232
  -48  -2722  -105
  22  -2747  -157
  -16  -2754  -227
  10  -2739  -205
  -6  -2752  55
  -8  -2737  -177
  -13  -2739  -137
  -22  -2776  -95
  -54  -2733  -464
  4  -2762  62
  7  -2779  22
  2  -2744  96
  -32  -2719  -186
  -34  -2757  23
  9  -2778  -255
  10  -2758  -49
  5  -2734  -152
  -2  -2704  -53
  -27  -2729  -252
  6  -2771  27
  38  -2773  36
  66  -2758  -29
  23  -2771  -190
  -33  -2752  54
  37  -2754  -213
  -14  -2739  -99
  -15  -2733  -128
  3  -2751  76
  -27  -2732  -253
  5  -2759  77
  -20  -2762  43
  -2  -2782  -137
  10  -2748  60
  -16  -2780  -112
  -13  -2766  -87
  16  -2759  -98
  59  -2757  35
  -8  -2762  -35
  30  -2756  -71
  -8  -2762  -31
  -9  -2785  -71
  0  -2762  71
  -6  -2784  -172
  7  -2787  -150
  -13  -2769  -12
  16  -2750  266
  -32  -2798  -9
  -19  -2796  -101
  -44  -2775  -408
  -48  -2785  -109
  -1  -4  -11
  -19  -2745  -125
  -30  -2757  118
  108  -2767  -108
  14  -2768  -168
  -37  -2752  -75
  33  -2747  308
  15  -2740  -19
  12  -2778  -45
  12  -2745  -192
  11  -2740  -13
  5  -2784  -1
  -5  -2767  -77
  -13  -2753  -3
  -44  -2746  344
  -48  -2766  -8
  -49  -2740  -5
  -30  -2760  59
  -20  -2732  -102
  -19  -2755  77
  -5  -2746  -2
  12  -2751  -168
  10  -2735  -45
  -10  -2777  -97
  -10  -2771  84
  -13  -2765  -217
  -22  -2733  -241
  16  -2740  63
  -33  -2740  87
  -25  -2739  -111
  -2  -2744  -79
  2  -2768  -19
  -56  -2743  -44
  -113  -2767  -85
  -5  -2763  -450
  18  -2737  -134
  25  -2740  -33
  34  -2738  125
  13  -2735  -75
  -5  -2750  -53
  17  -2739  -50
  -12  -2748  11
  -32  -2752  -7
  -6  -2761  -58
  -9  -2735  -77
  -34  -2728  -44
  9  -2749  -55
  -11  -2732  267
  -17  -2744  15
  42  -2752  13
  -55  -2738  120
  -18  -2741  -242
  12  -2714  46
  36  -2749  -32
  -8  -2751  -96
  -88  -2706  93
  7  -2733  -72
  -1  -2731  -194
  20  -2690  -80
  14  -2768  77
  -21  -2726  -80
  -7  -2735  327
  0  -2725  53
  12  -2715  -118
  50  -2750  122
  -57  -2746  -110
  41  -2743  59
  0  -2709  -100
  30  -2757  -114
  -12  -2722  100
  -56  -2731  -115
  4  -2760  -193
  -2  -2743  -68
  -80  -2748  -87
  -53  -2743  41
  13  -2776  -139
  2  -2759  -110
  -15  -2738  -143
  25  -2735  -65
  13  -2748  -135
  43  -2739  -162
  -17  -2763  -112
  -18  -2719  -161
  4  -2731  -67
  5  -2762  -69
  -8  -2760  -136
  -10  -2772  -33
  -63  -2752  -102
  -15  -2739  -9
  -6  -2792  -149
  64  -2749  -23
  26  -2778  -90
  35  -2764  -172
  -4  -2761  -121
  42  -2772  -113
  36  -2798  7
  2  -2794  -34
  29  -2752  100
  -66  -2769  -209
  7  -2771  -54
  -52  -2771  -39
  -22  -2727  -82
  11  -2797  -244
  14  -2800  275
  -71  -2789  -96
  13  -2751  -102
  12  -2758  -119
  37  -2756  -246
  66  -2740  -106
  29  -2728  6
  -10  -2754  -458
  48  -2708  -94
  -19  -2773  117
  9  -2739  24
  5  -2752  3
  39  -2780  -84
  -19  -2782  71
  -36  -2757  -91
  -34  -2762  -58
  -26  -2742  -219
  -95  -2745  81
  -33  -2744  -121
  10  -2730  -74
  -33  -2761  -45
  -38  -2763  -132
  -24  -2759  -61
  38  -2737  -148
  -13  -2741  -6
  -22  -2755  -128
  11  -2718  -214
  77  -2743  -5
  77  -2726  -78
  -2  -2724  -95
  30  -2731  55
  -32  -2754  -80
  -35  -2747  83
  -50  -2755  -135
  -7  -2752  -10
  -8  -2731  -102
  24  -2749  -25
  -5  -2734  -4
  13  -2752  -14
  -8  -2728  80
  31  -2719  -49
  37  -2774  285
  7  -2735  -165
  5  -2767  -122
  31  -2755  119
  -7  -2739  -32
  -21  -2720  -127
  -24  -2757  82
  -24  -2731  -423
  -3  -2750  -90
  -44  -2744  82
  1  -2742  -117
  -19  -2768  -206
  -18  -2716  -111
  3  -2739  -10
  -12  -2762  100
  10  -2764  -71
  -8  -2740  -43
  58  -2753  -3
  -31  -2723  4
  -22  -2745  -44
  46  -2763  -164
  -21  -2754  -117
  -51  -2741  -83
  21  -2752  15
  11  -2743  -90
  -49  -2737  110
  -27  -2737  -35
  3  -2743  -236
  46  -2764  -110
  51  -2755  -149
  25  -2766  257
  -44  -2737  -501
  -14  -2719  81
  9  -2721  -91
  32  -2725  102
  -84  -2749  -220
  -5  -2799  21
  4  -2728  -118
  -53  -2739  -41
  31  -2778  -74
  -4  -2743  -26
  10  -2740  11
  13  -2760  54
  34  -2772  50
  -53  -2741  -252
  -17  -2780  -8
  22  -2762  31
  -24  -2761  -247
  -12  -2731  -29
  -19  -2737  -124
  -9  -2766  -106
  13  -2775  115
  38  -10  -186
  52  -2792  29
  -20  -2771  -15
  10  -2748  -163
  76  -2778  -13
  28  -2773  -63
  32  -2773  -101
  -6  -2771  41
  -93  -2785  -49
  -12  -2771  290
  -12  -2779  -193
  -10  -2771  -180
  -12  -2791  -230
  25  -2793  -46
  -25  -2790  -54
  77  -2760  -57
  3  -2792  -125
  -20  -2776  -91
  14  -2764  -66
  37  -2744  -149
  34  -2768  -12
  55  -2717  -5
  53  -2790  111
  15  -2745  116
  -27  -2724  -126
  -40  -2760  -26
  -26  -2767  305
  -21  -2740  -100
  -27  -2760  -90
  -81  -2750  61
  -73  -2754  -74
  -49  -2780  -184
  -34  -2744  -6
  -42  -2781  28
  11  -2797  -241
  58  -2727  -79
  7  -2723  -42
  52  -2733  -87
  7  -2735  -96
  20  -2745  285
  6  -2773  -6
  1  -2747  -83
  -6  -2765  102
  -47  -2745  371
  -5  -2763  -151
  -32  -2743  -114
  -22  -2765  80
  -83  -2792  -28
  -23  -2730  100
  -53  -2728  -46
  13  -2759  -211
  -77  -2744  -247
  26  -2745  -138
  -2  -2747  81
  41  -2758  -74
  6  -2703  -69
  -45  -2723  -23
  45  -2723  53
  -70  -2748  31
  15  -2718  -189
  22  -2757  26
  -23  -2730  47
  -27  -2775  261
  23  -2742  77
  2  -2731  -55
  12  -2751  -111
  25  -2721  -34
  -38  -2749  -37
  32  -2731  -237
  -23  -2742  -36
  -47  -2718  73
  -12  -2715  58
  11  -2723  -195
  -15  -2728  114
  -26  -2696  -239
  -21  -2752  -70
  71  -2765  104
  3  -2720  -160
  -5  -2766  -112
  -33  -2736  -177
  -27  -2731  31
  -2  -2735  29
  -22  -2753  38
  8  -2730  -28
  11  -2770  -196
  -42  -2738  -46
  -22  -2773  -6
  4  -2762  -52
  44  -2734  -185
  -3  -2745  -105
  -14  -2753  -7
  -23  -2750  -224
  29  -2727  -407
  3  -2747  -80
  -1  -2739  -78
  40  -2748  -2
  -41  -2778  -94
  6  -2734  -96
  -24  -2751  122
  27  -2771  -151
  -56  -2753  28
  -19  -2744  -119
  -5  -2759  94
  4  -2754  -78
  34  -2760  114
  2  -2788  -39
  54  -2741  121
  71  -2747  -440
  64  -2773  -39
  60  -2789  39
  28  -2762  -112
  -14  -2763  12
  13  -2765  -165
  5  -2752  382
  -6  -2768  -97
  -35  -2739  -133
  -49  -2766  -91
  -21  -2764  -37
  -24  -2767  -65
  -9  -2777  39
  -36  -2760  -50
  10  -2772  14
  -9  -2799  -150
  41  -2764  -30
  17  -2800  -99
  -8  -2783  -94
  -16  -2776  -121
  8  -2746  283
  79  -2776  -88
  9  -2757  -407
  -29  -2727  33
  52  -2765  91
  -40  -2757  -47
  -82  -2783  -121
  -57  -2744  95
  -28  -2767  -67
  -44  -2755  -181
  -53  -2733  -29
  -3  -2766  -116
  1  -2738  -46
  18  -2719  20
  25  -2740  -131
  -9  -2759  -70
  -4  -2744  -29
  11  -2758  -24
  21  -2751  -143
  -21  -2748  84
  -8  -2749  -65
  -42  -2760  124
  -38  -2770  -57
  -33  -2755  -46
  -60  -2753  71
  1  -2741  10
  -17  -2771  -86
  -1  -2737  -461
  16  -2732  -95
  -7  -2757  57
  -20  -2760  -115
  9  -2736  3
  10  -2743  352
  -1  -2766  -142
  -47  -2727  -65
  -18  -2702  -141
  -41  -2743  307
  7  -2759  -23
  8  -2743  -34
  -56  -2725  -69
  26  -2728  57
  17  -2736  -42
  -7  -2750  109
  3  -2756  -57
  10  -2731  -43
  -23  -2741  -70
  -27  -2738  -35
  -12  -2736  -127
  -1  -2730  36
  19  -2736  -63
  32  -2703  -41
  25  -2724  -200
  -18  -2716  -46
  -42  -2750  -88
  6  -2760  -212
  -30  -2742  -18
  5  -2732  258
  -4  -2761  -13
  -14  -2721  -149
  28  -2727  -121
  0  -2740  -76
  -56  -2764  -170
  -8  -2739  -103
  -23  -2759  -42
  -17  -2729  -58
  -8  -2773  -133
  12  -2728  -47
  -13  -2758  -95
  -18  -2763  -95
  -34  -2764  -143
  -3  -2786  -51
  20  -2750  14
  -15  -2747  -143
  58  -2736  79
  36  -2760  -51
  8  -2742  98
  -56  -2762  -4
  -10  -2737  -66
  -4  -2741  -174
  4  -2748  -128
  22  -2782  -120
  55  -2761  -206
  43  -2764  -33
  19  -2756  19
  52  -2752  -91
  -1  -2770  -28
  21  -2740  -62
  32  -2766  -123
  17  -2785  18
  -35  -2769  112
  12  -2762  27
  -2  -2776  24
  -42  -2796  -80
  -6  -2765  -49
  -1  -2761  82
  -36  -2800  -121
  7  -2764  19
  -26  -2771  -8
  -10  -2763  41
  -24  -2760  -59
  -24  -2751  90
  2  -2738  -207
  32  -2772  -80
  21  -2756  -214
  9  -2723  -13
  -19  -2760  61
  20  -2741  -18
  -34  -2748  -191
  -43  -2748  331
  -62  -2779  -19
  -58  -2737  51
  -10  -2751  -67
  1  -2778  55
  -7  -2793  -242
  -19  -2747  -184
  -34  -2771  -124
  -53  -2745  -59
  -7  -2760  -175
  2  -2755  82
  18  -2730  -134
  20  -2743  -10
  -36  -2774  -94
  -28  -2727  -243
  42  -2765  -59
  0  -2748  291
  -61  -2749  -144
  -36  -2795  -80
  6  -2764  -76
  -54  -2743  -68
  -4  -2753  -389
  -73  -2751  -223
  8  -2726  -96
  25  -2736  -40
  -19  -2743  -236
  -32  -2721  294
  -13  -2751  -57
  -29  -2740  -211
  21  -2741  327
  10  -2702  63
  -7  -2712  17
  -31  -2772  115
  -91  -2749  -210
  9  -2747  -22
  -5  -2735  85
  -37  -2739  -167
  -8  -2757  84
  8  -2715  260
  25  -2742  28
  17  -2728  -117
  16  -2728  -250
  -1  -2704  24
  17  -2736  -151
  11  -2754  10
  35  -2732  -63
  -75  -2723  -91
  -21  -2755  -402
  -13  -2747  106
  52  -2765  6
  -33  -2721  33
  37  -2723  -28
  28  -2721  -41
  -30  -2722  125
  14  -2766  -99
  -4  -2728  4
  -16  -2732  -67
  -4  -2721  68
  -36  -2730  283
  -23  -2743  -115
  -12  -2778  -244
  -11  -2762  -512
  43  -2755  108
  -17  -2722  75
  -38  -2745  -77
  22  -2766  -127
  10  -2725  68
  16  -2741  -63
  -35  -2752  -230
  20  -2753  31
  -2  -2773  62
  33  -2761  -42
  42  -2749  264
  -46  -2754  -40
  6  -2745  39
  -28  -2762  -23
  17  -2746  -50
  33  -2749  49
  25  -2766  -123
  18  -2763  304
  27  -2782  -92
  -12  -2782  -120
  13  -2776  -211
  29  -2758  -212
  39  -2782  -111
  13  -2761  291
  59  -2765  -19
  -26  -2815  88
  6  -2777  5
  -56  -2787  -160
  -104  -2770  526
  -25  -2759  -417
  -26  -2777  12
  -10  -2766  -62
  -54  -2808  74
  -68  -2772  -60
  -5  -2749  -69
  22  -2774  62
  21  -2757  -115
  19  -2765  -61
  9  -2770  98
  -88  -2743  -165
  17  -2774  94
  72  -2733  -229
  10  -2755  -57
  -24  -2764  -193
  6  -2756  368
  17  -2785  76
  -61  -2750  91
  -19  -2769  -180
  -12  -2750  -247
  -14  -2757  -117
  -19  -2738  73
  -48  -2761  -201
  18  -2767  29
  -19  -2805  -122
  11  -2725  -142
  34  -2769  -137
  19  -2715  -53
  43  -2758  60
  -11  -2744  -51
  38  -2746  -74
  -44  -2766  -34
  -21  -2731  -187
  -10  -2757  -22
  -57  -2783  -125
  -48  -2749  -181
  -2  -2749  -104
  -28  -2739  74
  21  -2749  -88
  24  -2771  -6
  22  -2767  -108
  42  -2752  -41
  -16  -2760  -421
  37  -2766  72
  11  -2732  -100
  5  -2732  277
  -9  -2763  -72
  24  -2752  -250
  -6  -2743  -83
  -21  -2737  -74
  -87  -2755  -3
  -23  -2749  -47
  27  -2780  -28
  19  -2750  -24
  -13  -2747  -8
  35  -2733  -205
  2  -2739  -134
  -9  -2727  67
  -10  -2766  -74
  -29  -2748  -127
  -8  -2757  -82
  -20  -2724  -167
  54  -2752  -44
  18  -2719  33
  54  -2726  -68
  -1  -2739  -128
  25  -2735  63
  -43  -2723  -11
  -44  -2735  -398
  23  -2732  46
  -40  -2722  -37
  13  -2714  -96
  -1  -2721  -51
  -30  -2743  -137
  -2  -2748  -6
  78  -2724  -24
  38  -2736  22
  -37  -2733  -186
  16  -2755  98
  31  -2761  -230
  -13  -2749  21
  6  -2744  -2
  8  -2744  -39
  22  -2732  -102
  22  -2738  -387
  6  -2749  -22
  34  -2765  -74
  11  -2756  -109
  -47  -2768  -152
  -61  -2721  357
  30  -2774  -112
  -7  -2722  -95
  33  -2753  -409
  38  -2761  52
  4  -2760  -10
  59  -2766  -7
  15  -2742  -64
  50  -2763  27
  2  -2785  -170
  0  -2773  124
  -32  -2784  -18
  -46  -2771  -7
  -12  -2771  95
  -25  -2761  -125
  -13  -2772  5
  -52  -2750  -227
  -67  -2776  -108
  -23  -2776  -124
  -29  -2769  -29
  6  -2769  -226
  34  -2752  -189
  33  -2750  15
  29  -2729  291
  -4  -2765  83
  33  -2780  -88
  27  -2759  -111
  58  -2743  -235
  -11  -2774  -100
  -27  -2769  -251
  -3  -2739  48
  -26  -2736  -43
  -18  -2725  -210
  -3  -2780  -125
  -99  -2749  14
  -74  -2776  67
  -54  -2747  -70
  -48  -2790  79
  -8  -2758  -410
  -26  -2748  -46
  -23  -2771  98
  -37  -2759  -144
  -17  -2744  73
  17  -2763  98
  37  -2738  -119
  -9  -2727  110
  16  -2775  -149
  -19  -2734  8
  -51  -2738  -27
  -22  -2723  -147
  -58  -2736  -39
  2  -2755  -41
  -27  -2790  51
  -72  -2753  12
  -13  -2769  -45
  18  -2759  -101
  28  -2766  32
  -2  -2747  315
  23  -2738  -137
  -12  -2717  -111
  -28  -2729  83
  -37  -2768  -37
  0  -2763  -25
  29  -2730  -70
  55  -2748  -22
  -26  -2751  -202
  -40  -2729  -27
  -43  -2749  107
  -15  -2749  -17
  43  -2747  -92
  -26  -2727  -30
  -12  -2746  269
  -7  -2709  -249
  -37  -2747  -189
  -17  -2741  58
  -38  -2757  -230
  5  -2733  5
  14  -2743  69
  -11  -2734  97
  -41  -2747  -3
  29  -2697  314
  -54  -2718  109
  5  -2758  -31
  60  -2747  -151
  0  -2715  -16
  6  -2721  19
  -44  -2743  92
  16  -2736  -120
  9  -2769  -462
  -28  -2739  -25
  -53  -2738  -219
  -27  -2780  -122
  15  -2771  -31
  -1  -2746  -225
  16  -2794  -244
  5  -2753  -466
  44  -2743  358
  27  -2769  -15
  -7  -2758  -68
  -45  -2739  -27
  7  -2756  -108
  -29  -2758  -73
  3  -2785  -396
  -7  -2779  -55
  -59  -2739  -157
  -24  -2728  70
  -26  -2797  -95
  -79  -2752  -77
  -17  -2717  -206
  -9  -2765  30
  -1  -2793  -198
  48  -2763  7
  13  -2772  -195
  25  -2774  -115
  8  -2737  -49
  59  -2738  -114
  -21  -2766  -20
  -65  -2760  -93
  26  -2765  -26
  -10  -2775  -4
  -69  -2736  67
  13  -2745  -103
  -81  -2777  -87
  -19  -2779  -95
  2  -2771  21
  11  -2736  -25
  -53  -2755  91
  -14  -2767  -124
  60  -2772  -46
  38  -2788  39
  -10  -2745  275
  -50  -2766  -140
  18  -2745  116
  31  -2740  -168
  43  -2766  -77
  7  -2756  -109
  -42  -2747  -64
  -4  -2785  -73
  -68  -2745  -118
  -47  -2763  -162
  -36  -2751  -179
  -3  -2750  -181
  -43  -2771  -49
  -39  -2728  -77
  -11  -2744  -75
  26  -2793  -10
  2  -2757  -181
  35  -2742  -229
  29  -2719  -147
  8  -2741  -22
  0  -2753  44
  50  -2745  -19
  -21  -2711  -76
  0  -2732  -237
  -17  -2732  -174
  34  -2721  -407
  12  -2744  79
  14  -2753  -8
  -49  -2750  -33
  12  -2740  -39
  -16  -2752  -66
  -42  -2699  -31
  -20  -2742  -113
  51  -2749  -126
  7  -2758  -253
  -53  -2734  -38
  17  -2764  78
  4  -2756  -149
  -16  -2756  14
  -55  -2760  -214
  -5  -2759  -145
  -36  -2750  -24
  23  -2733  -133
  -16  -2750  533
  15  -2754  -122
  -4  -2737  -181
  -59  -2701  -85
  -7  -2731  -13
  5  -2733  -232
  -71  -2749  -171
  15  -2751  -247
  5  -2767  -129
  26  -2769  89
  6  -2762  33
  2  -2728  -116
  14  -2768  -8
  22  -2747  -58
  15  -2741  -96
  -9  -2734  -6
  -28  -2764  -80
  9  -2763  -27
  -2  -2770  32
  19  -2757  -96
  -14  -2720  -33
  6  -2745  40
  0  -2755  -237
  -29  -2741  -10
  -32  -2761  44
  -28  -2732  -16
  12  -2722  -107
  -8  -2762  -119
  -19  -2757  -119
  -50  -2781  -134
  20  -2719  48
  31  -2744  -111
  -11  -2774  -70
  33  -2742  -32
  -51  -2739  -103
  -49  -2752  271
  -11  -2720  -113
  52  -2738  25
  9  -2784  -18
  -4  -2777  -231
  31  -2760  -63
  57  -2758  -67
  15  -2790  56
  -32  -2782  322
  63  -2789  -102
  45  -2771  -128
  14  -2729  -133
  30  -2779  -72
  -17  -2758  34
  -39  -2770  -16
  -21  -2718  -21
  54  -2756  120
  -46  -2769  -18
  -16  -2741  -118
  -41  -2754  38
  -36  -2742  -224
  -66  -2771  -22
  -58  -2777  -138
  9  -2768  -5
  32  -2768  81
  82  -2752  -141
  35  -2735  -84
  55  -2775  -102
  34  -2760  -18
  74  -2767  -446
  -44  -2743  119
  -24  -2756  99
  -17  -2730  103
  -31  -2732  -102
  8  -2723  -120
  -94  -2758  -36
  -8  -2733  55
  -8  -2737  -93
  -42  -2759  36
  -48  -2726  297
  -17  -2731  287
  -5  -2753  -238
  7  -2751  72
  47  -2733  93
  23  -2729  -48
  0  -2737  -98
  13  -2754  -19
  22  -2759  -17
  -45  -2747  -247
  -17  -2731  -256
  -9  -2750  -231
  -6  -2727  -87
  -19  -2767  17
  -6  -2766  30
  8  -2741  -26
  -60  -2722  -8
  4  -2757  -134
  -21  -2771  -131
  27  -2724  -64
  44  -2753  -117
  -4  -2715  -171
  -27  -2742  -34
  4  -2768  -143
  20  -2744  -85
  -33  -2757  -76
  -3  -2756  -189
  -27  -2742  -2
  -35  -2753  -11
  -57  -2761  -53
  -73  -2721  -113
  38  -2729  -28
  20  -2738  -166
  -6  -2742  294
  -14  -2724  -71
  53  -2724  -18
  -49  -2717  37
  3  -2759  62
  -29  -2732  -12
  -11  -2734  -115
  -7  -2761  -95
  -105  -2737  -95
  -29  -2713  -119
  25  -2719  -92
  25  -2745  -95
  -32  -2767  -116
  9  -2747  -84
  -8  -2750  -190
  -27  -2759  -224
  -7  -2725  -82
  19  -2741  -185
  -26  -2731  42
  -34  -2730  -173
  -22  -2764  -9
  37  -2719  319
  -18  -2764  -32
  -27  -2730  51
  -42  -2729  -113
  -30  -2759  -115
  -17  -2737  -53
  -23  -2756  -61
  -33  -2745  -410
  -43  -2760  -10
  -3  -2746  -146
  23  -2752  42
  -7  -2775  35
  -34  -2805  -17
  17  -2755  -115
  -29  -2775  -121
  -45  -2725  -91
  -33  -2756  71
  -15  -2749  -9
  3  -2753  -505
  -21  -2762  259
  -14  -2760  24
  29  -2756  -111
  50  -2752  -3
  6  -2793  59
  18  -2776  -78
  63  -2748  -130
  -15  -2768  120
  -21  -2753  -82
  -86  -2725  -210
  -42  -2787  -11
  -19  -2788  290
  -29  -2728  -1
  11  -2748  347
  -29  -2766  114
  -26  -2708  -227
  -5  -2773  -246
  5  -2757  93
  7  -2745  -104
  -5  -2757  292
  -10  -2805  -132
  0  -2758  82
  5  -2713  20
  37  -2765  -189
  -32  -2745  40
  -80  -2746  -84
  1  -2783  117
  -25  -2765  -87
  13  -2724  -253
  -36  -2733  -246
  -71  -2790  -12
  -37  -2759  8
  -62  -2762  315
  -98  -2771  70
  79  -2764  -7
  57  -2771  -52
  21  -2780  -80
  22  -2747  -174
  6  -2739  36
  29  -2740  -38
  -4  -2748  -241
  2  -2754  76
  12  -2704  -51
  -21  -2753  -248
  -22  -2732  -1
  4  -2724  33
  -27  -2749  -43
  -18  -2738  -119
  -38  -2759  -116
  -8  -2773  -410
  -32  -2734  -54
  8  -2795  -112
  14  -2760  -33
  53  -2727  -31
  -50  -2726  -48
  -38  -2740  -96
  23  -2746  -34
  -33  -2749  -251
  -16  -2746  -136
  -34  -2732  -158
  19  -2741  -60
  -32  -2715  -51
  24  -2753  -153
  -31  -2780  -205
  -29  -2740  -77
  -53  -2768  -93
  19  -2737  -7
  32  -2751  -98
  4  -2720  -250
  -9  -2729  -59
  -48  -2761  -62
  6  -2735  -162
  -16  -2740  -112
  28  -2731  -100
  -6  -2741  -228
  54  -2730  339
  15  -2749  -9
  -61  -2739  -231
  -31  -2722  -5
  7  -2758  -9
  26  -2766  -2
  -13  -2724  -83
  18  -2737  -184
  -17  -2719  -249
  26  -2751  -474
  0  -2714  107
  -38  -2743  -125
  -14  -2754  -83
  -42  -2735  -25
  -23  -2733  537
  -36  -2770  -20
  35  -2791  85
  22  -2749  -202
  31  -2719  23
  58  -2762  -124
  -2  -2768  -94
  3  -2754  -248
  27  -2778  -90
  6  -2763  -111
  -30  -2785  -79
  -14  -2758  -56
  -76  -2735  -98
  -29  -2744  -219
  -16  -2729  -416
  10  -2766  -60
  43  -2776  -150
  57  -2725  65
  23  -2738  -30
  46  -2757  -116
  49  -2752  -114
  -8  -2815  85
  71  -2742  -142
  -33  -2765  -195
  -69  -2732  58
  -100  -2764  -95
  53  -2744  -87
  -46  -2760  -7
  -85  -2761  78
  -1  -2754  -110
  20  -2776  112
  15  -2779  -11
  32  -2788  -165
  -36  -2777  -40
  15  -2743  42
  47  -2763  -239
  78  -2731  -201
  30  -2713  -124
  29  -2732  -43
  2  -2726  -122
  25  -2729  -415
  -11  -2752  -389
  -32  -2776  -78
  -4  -2759  -488
  -23  -2772  64
  -40  -2752  -116
  8  -2750  49
  -20  -2785  -200
  -38  -2733  -119
  -6  -2729  -112
  24  -2761  -104
  45  -2739  -166
  17  -2740  341
  -26  -2711  -75
  17  -2719  -55
  22  -2780  -231
  35  -2758  -67
  6  -2749  114
  -11  -2743  299
  43  -2753  -13
  5  -2733  -245
  -47  -2724  48
  -35  -2732  55
  -46  -2748  -111
  -53  -2727  1
  -1  -2741  5
  -3  -2775  -51
  -5  -2751  -206
  59  -2767  -88
  34  -2717  -14
  38  -2742  33
  9  -2755  -155
  -16  -2752  -94
  -7  -2726  374
  -38  -2743  -91
  -54  -2739  107
  -47  -2747  -23
  -9  -2713  -106
  -11  -2724  -107
  -50  -2749  -105
  49  -2763  -153
  -10  -2718  -446
  65  -2754  -87
  12  -2756  36
  7  -2705  75
  46  -2756  -76
  -6  -2730  -177
  -17  -2748  69
  -50  -2740  96
  74  -2723  -11
  62  -2734  -5
  10  -2732  -73
  -7  -2745  84
  1  -2734  73
  32  -2698  -78
  17  -2738  -210
  -14  -2747  93
  -30  -2770  73
  -56  -2755  71
  -51  -2735  -183
  29  -2733  -156
  -1  -2754  -80
  25  -2778  -73
  -12  -2744  80
  -2  -2732  -28
  7  -2747  -128
  -46  -2748  -159
  -43  -2733  -11
  39  -2774  -113
  10  -2757  -24
  8  -2768  -167
  33  -2757  296
  -33  -2720  -208
  -29  -2749  -94
  25  -2760  -87
  -7  -2765  -38
  -50  -2723  -183
  -69  -2752  -480
  -8  -2713  -44
  28  -2730  -184
  10  -2775  -57
  7  -2774  -48
  30  -2805  21
  6  -2736  -37
  10  -2757  -142
  -10  -2755  -82
  27  -2733  -25
  2  -2767  -150
  -6  -2778  -125
  -7  -2761  30
  10  -2775  93
  -60  -2734  104
  -26  -2753  -117
  -83  -2774  -116
  -34  -2751  -225
  -31  -2781  -16
  -38  -2757  -89
  10  -2752  -106
  -22  -2774  86
  6  -2719  -451
  -14  -2739  -14
  -16  -2745  -132
  41  -2740  -156
  27  -2756  23
  38  -2771  306
  41  -2759  43
  24  -2744  -21
  -21  -2732  -101
  -47  -2738  -221
  -41  -2789  50
  -11  -2746  -128
  -19  -2754  -19
  -56  -2725  -30
  -33  -2732  -114
  -35  -2771  -150
  -66  -2772  -140
  -16  -2737  -13
  26  -2749  -81
  34  -2730  -103
  -40  -2758  -88
  -22  -2707  -36
  38  -2750  116
  14  -2734  -66
  -18  -2751  -221
  -29  -2736  -74
  -4  -2760  -201
  -53  -2730  -115
  -35  -2780  1
  24  -2778  -91
  -78  -2745  -34
  9  -2740  -64
  -6  -2741  46
  16  -2719  1
  32  -2720  -434
  67  -2766  -105
  11  -2743  -214
  -21  -2761  47
  5  -2755  -193
  2  -2713  -169
  -11  -2730  49
  -38  -2758  74
  -16  -2732  -80
  -37  -2730  -66
  20  -2740  -51
  7  -2768  -104
  28  -2735  25
  -28  -2754  71
  -20  -2748  42
  38  -2763  -91
  -36  -2776  -122
  15  -2743  31
  -31  -2763  -398
  49  -2728  -53
  -17  -2725  -52
  29  -2710  289
  -7  -2751  -233
  20  -2728  275
  -13  -2739  -23
  -25  -2717  -4
  -11  -2756  24
  -5  -2748  -57
  30  -2771  -11
  39  -2748  23
  -33  -2713  -1
  -16  -2748  383
  50  -2754  -177
  -36  -2766  -8
  -37  -2730  71
  -14  -2731  89
  39  -2777  -79
  -23  -2734  61
  32  -2764  -38
  9  -2751  305
  -57  -2772  -53
  12  -2734  -238
  3  -2789  1
  -56  -2765  44
  -9  -2754  46
  -32  -2752  -114
  0  -2745  -113
  -6  -2784  8
  -24  -2754  -168
  -47  -2755  -154
  38  -2761  -103
  4  -2743  17
  2  -2783  -59
  16  -2783  -83
  -9  -2768  -150
  71  -2736  120
  -7  -2744  -136
  15  -2812  -226
  19  -2760  -215
  31  -2757  47
  -2  -2748  52
  23  -2760  33
  -46  -2738  -480
  -92  -2744  35
  -51  -2762  -206
  -65  -2744  -120
  27  -2759  -110
  -48  -2777  -150
  8  -2745  -434
  0  -2761  -105
  21  -2709  -109
  13  -2722  -37
  6  -2729  110
  36  -2753  106
  35  -2780  122
  8  -2744  -96
  36  -2750  -37
  -45  -2758  -42
  5  -2737  98
  -20  -2785  -81
  -46  -2771  292
  18  -2736  24
  -30  -2764  36
  -32  -2763  -45
  -86  -2762  -42
  -18  -2761  261
  -1  -2747  -102
  -18  -2770  -91
  -56  -2765  -5
  -3  -2728  -90
  -21  -2733  -47
  17  -2742  -68
  11  -2701  -85
  15  -2767  22
  -5  -2747  -34
  -4  -2735  -118
  11  -2756  -397
  -16  -2741  117
  -13  -2722  -5
  -42  -2771  -14
  -12  -2735  -238
  -74  -2735  -168
  8  -2776  -88
  26  -2720  -98
  43  -2709  -7
  12  -2765  366
  -1  -2746  11
  2  -2745  -192
  54  -2719  9
  55  -2767  -62
  -21  -2738  -18
  0  -2755  -94
  -31  -2731  -224
  1  -2737  -70
  -50  -2744  -109
  -42  -2749  -1
  8  -2746  -107
  -2  -2747  -65
  -25  -2774  -190
  13  -2784  -91
  -51  -2781  -109
  1  -2736  37
  -16  -2764  -144
  21  -2744  -111
  27  -2731  8
  -31  -2796  -99
  -24  -2759  -196
  24  -2759  19
  -21  -2719  -59
  -18  -2776  -105
  -17  -2737  -23
  47  -2726  -136
  -33  -2733  -180
  -37  -2732  -5
  -5  -2738  -42
  31  -2778  -100
  -7  -2715  -439
  30  -2745  -7
  -84  -2751  -96
  -30  -2750  -107
  -31  -2726  -66
  38  -2731  -445
  -40  -2760  4
  31  -2725  35
  -2  -2751  115
  39  -2758  -54
  -25  -2774  -86
  -49  -2744  -30
  -34  -2728  -147
  32  -2776  26
  -20  -2707  27
  7  -2768  -109
  -11  -2774  65
  18  -2754  -64
  -51  -2737  62
  -19  -2739  -165
  -16  -2786  -146
  -19  -2725  -90
  66  -2773  27
  38  -2752  80
  23  -2750  -75
  78  -2789  -51
  26  -2760  -26
  71  -2785  -174
  10  -2776  -141
  -36  -2773  26
  -42  -2777  281
  -1  -2760  -17
  -51  -2779  -138
  -49  -2774  285
  -40  -2748  -68
  -33  -2776  -253
  -43  -2765  -240
  -15  -2754  62
  -30  -2749  109
  -8  -2781  -455
  56  -2741  -92
  48  -2741  -198
  -3  -2757  21
  48  -2758  35
  -12  -2743  -168
  8  -2754  -19
  7  -2747  123
  -31  -2732  -32
  -62  -2721  291
  15  -2734  75
  -43  -2752  -15
  -46  -2751  -58
  -76  -2745  -117
  -39  -2753  -99
  -2  -2749  -49
  -12  -2740  117
  -55  -2759  -126
  -35  -2725  318
  19  -2761  57
  78  -2724  -180
  38  -2726  -231
  -3  -2750  -94
  47  -2734  43
  -22  -2735  -164
  -14  -2730  55
  -6  -2752  -50
  15  -2718  -11
  -44  -2747  -63
  -42  -2748  -55
  -17  -2720  -98
  -49  -2750  -59
  -53  -2773  61
  4  -2743  -123
  -1  -2778  18
  33  -2793  -74
  11  -2755  120
  8  -2751  -204
  -63  -2760  94
  8  -2775  62
  -25  -2753  -61
  22  -2732  -94
  6  -2722  5
  -26  -2760  48
  13  -2756  -12
  -34  -2764  -7
  56  -2736  88
  -43  -2737  -420
  15  -2737  -17
  -10  -2731  -93
  19  -2745  89
  -7  -2760  -89
  -13  -2750  -429
  23  -2748  -111
  8  -2755  -112
  -6  -2768  -241
  5  -2751  -120
  -8  -2740  -120
  38  -2755  5
  -40  -2763  -33
  41  -2752  36
  -24  -2757  -256
  30  -2762  -159
  -40  -2728  -127
  -24  -2751  -162
  30  -2755  -173
  -8  -2790  -89
  5  -2746  -42
  34  -2748  -160
  11  -2722  -196
  9  -2750  -219
  -13  -2787  -111
  -3  -2739  -206
  -46  -2789  -66
  43  -2735  -135
  -33  -2763  -3
  26  -2727  -85
  9  -2761  -76
  32  -2773  34
  26  -2779  77
  1  -2753  -173
  -41  -2760  -3
  -44  -2777  -104
  -18  -2753  -244
  -50  -2815  -42
  -8  -2756  -156
  7  -2792  -70
  11  -2783  96
  10  -2778  -36
  -16  -2786  -29
  35  -2769  -157
  37  -2764  31
  47  -2782  -2
  58  -2761  -256
  -12  -2790  -49
  18  -2773  -111
  -20  -2771  106
  -44  -2781  -96
  -15  -2750  38
  -75  -2749  -107
  -30  -2769  -141
  -41  -2749  -128
  0  -2740  45
  -14  -2751  7
  -36  -2735  54
  0  -2724  -11
  19  -2781  -2
  39  -2774  -171
  43  -2724  -251
  28  -2737  -216
  -10  -2728  -36
  78  -2759  -92
  -23  -2739  -205
  -14  -2739  -122
  -14  -2766  -50
  6  -2746  -110
  17  -2757  -80
  0  -2755  -143
  -42  -2734  -423
  -57  -2747  -183
  -22  -2742  -58
  -28  -2730  105
  2  -2763  76
  -5  -2744  37
  4  -2755  -60
  -10  -2735  19
  -15  -2734  -12
  -13  -2727  6
  10  -2752  -170
  -3  -2750  -54
  40  -2724  -44
  9  -2725  76
  -23  -2758  16
  -8  -2753  -76
  -55  -2737  -139
  -52  -2730  -75
  -79  -2729  -169
  -16  -2765  -60
  10  -2760  -75
  26  -2732  -89
  -21  -2722  -123
  0  -2752  -160
  -19  -2723  21
  15  -2754  -228
  4  -2729  -21
  6  -2752  -152
  -7  -2750  32
  -9  -2739  -191
  21  -2754  -5
  -39  -2761  -207
  0  -2736  23
  34  -2728  320
  40  -2733  -91
  -6  -2706  -73
  -14  -2717  -74
  37  -2718  -57
  47  -2743  99
  -8  -2728  -5
  23  -2735  -153
  -10  -2780  -62
  9  -2769  -18
  -16  -2740  69
  19  -2722  -21
  -5  -2760  6
  -3  -2743  -51
  -10  -2751  -36
  -4  -2729  -420
  -9  -128  -106
  -19  -2765  -234
  16  -2758  -188
  -19  -2777  -50
  27  -2731  -51
  9  -2740  66
  13  -2765  309
  -5  -2753  -79
  35  -2753  79
  -22  -2740  44
  14  -2769  -191
  -7  -2732  -137
  14  -2762  -158
  31  -2768  -45
  1  -2775  -100
  49  -2759  -65
  32  -2764  -89
  4  -2757  -128
  -63  -2766  -7
  -38  -2723  -88
  -15  -2732  -172
  28  -2767  -117
  -56  -2750  -61
  8  -2751  -447
  -22  -2775  -123
  6  -2762  -33
  -37  -2770  -43
  11  -2746  -108
  7  -2743  -79
  37  -2746  -44
  35  -2755  -94
  0  -2769  275
  29  -2764  272
  -2  -2761  -199
  1  -2734  -170
  -14  -2779  -134
  -48  -2768  -77
  -64  -2743  127
  -3  -2759  -20
  -35  -2763  -131
  -76  -2737  -104
  -46  -2766  -205
  -36  -2769  -39
  7  -2724  -35
  34  -2743  -209
  2  -2758  55
  23  -2765  357
  -12  -2772  -194
  28  -2739  -104
  52  -2753  -72
  13  -2715  -69
  44  -2740  -111
  -44  -2725  87
  -25  -2751  -3
  -64  -2741  85
  -58  -2700  -168
  -32  -2755  -38
  -10  -2753  -122
  -29  -2770  -226
  -39  -2734  -6
  3  -2749  -216
  -9  -2730  -67
  44  -2744  125
  -21  -2751  -146
  3  -2760  -165
  8  -2744  -38
  57  -2782  -97
  42  -2745  -54
  54  -2782  -123
  32  -2722  73
  -37  -2740  -161
  -8  -2750  -72
  -104  -2729  -132
  -83  -2731  -64
  -27  -2762  -90
  -42  -2735  -225
  -53  -2761  -84
  -10  -2748  -107
  9  -2765  -127
  -8  -2777  -90
  99  -2712  -72
  -29  -2764  -121
  30  -2766  -143
  7  -2774  66
  76  -2718  -7
  -3  -2731  -239
  3  -2742  260
  -22  -2760  2
  -19  -2725  -77
  -2  -2747  -33
  -17  -2739  -115
  -9  -2771  -31
  -18  -2738  -96
  -7  -2721  17
  26  -2724  -247
  84  -2772  -32
  27  -2740  42
  -29  -2768  -492
  -46  -2737  -254
  -19  -2773  -136
  25  -2750  -215
  -4  -2762  -140
  0  -2737  -82
  20  -2763  -73
  -46  -2740  -96
  -6  -2732  -102
  20  -2763  37
  5  -2735  -154
  -8  -2734  76
  9  -2763  -75
  -19  -2754  23
  1  -2726  -26
  -19  -2744  -84
  46  -2761  -22
  23  -2730  -250
  -51  -2786  -164
  7  -2735  -53
  10  -2753  -26
  -60  -2781  77
  6  -2717  -397
  -8  -2752  16
  32  -2750  26
  -22  -2753  121
  -19  -2775  53
  5  -2754  -134
  7  -2761  -153
  -29  -2748  -115
  0  -2800  -432
  -29  -2755  -22
  13  -2772  -35
  -57  -2768  25
  2  -2756  42
  38  -2748  -223
  -27  -2761  -19
  57  -2765  -193
  64  -2736  96
  26  -2776  67
  37  -2751  -67
  29  -2752  316
  -57  -2755  -148
  -5  -2725  70
  -58  -2736  -99
  -22  -2751  -150
  -44  -2768  -85
  -71  -2777  -121
  -26  -2766  -39
  -14  -2780  -213
  -33  -2766  29
  -16  -2748  -387
  16  -2731  13
  -24  -2762  -42
  49  -2774  -72
  22  -2754  -66
  29  -2742  -126
  58  -2740  -182
  46  -2728  -63
  28  -2723  -86
  -5  -2751  -182
  -27  -2737  -66
  -16  -2799  -138
  7  -2733  76
  -65  -2740  62
  -47  -2711  -98
  -85  -2753  516
  -35  -2759  122
  2  -2729  54
  26  -2734  34
  -1  -2739  294
  -41  -2725  -205
  -9  -2740  -108
  48  -2741  -125
  65  -2741  -387
  79  -2735  -69
  -4  -2705  -235
  -28  -2742  113
  -46  -2711  -130
  6  -2744  84
  -43  -2715  22
  -23  -2744  -91
  -22  -2763  -213
  0  -2751  109
  12  -2763  -25
  23  -2731  48
  -37  -2729  -390
  -2  -2749  86
  -22  -2741  98
  -35  -2736  -104
  -52  -2730  -56
  6  -2718  -16
  -64  -2735  -95
  -45  -2723  43
  -16  -2720  -86
  -67  -2752  -7
  -22  -2773  16
  -65  -2754  -181
  -53  -2732  -55
  8  -2757  14
  30  -2726  -80
  -23  -2749  -100
  -3  -2722  -85
  -42  -2736  -9
  -22  -2729  -69
  47  -2742  -61
  32  -2745  -13
  -37  -2721  18
  -25  -2711  12
  -12  -2770  41
  -48  -2756  -129
  -12  -2755  -129
  -31  -2753  -96
  -29  -2750  -30
  -5  -2768  -152
  -22  -2755  80
  10  -2762  109
  1  -2756  -125
  18  -2766  -29
  8  -2759  -239
  -48  -2763  -114
  -30  -2775  72
  14  -2742  -114
  6  -2758  -127
  13  -2760  -65
  -16  -2743  -22
  77  -2751  -133
  29  -2759  -252
  15  -2744  -20
  -13  -2742  35
  -13  -2731  -14
  -69  -2761  -26
  -37  -2768  -15
  -41  -2754  -7
  -27  -2765  -172
  9  -2723  -169
  -34  -2756  -177
  -1  -2812  89
  -52  -2761  -228
  7  -2751  -505
  43  -2773  6
  52  -2779  91
  42  -2755  -187
  43  -2762  -111
  9  -2748  49
  68  -2759  -53
  27  -2784  -104
  -41  -2747  -3
  -11  -2762  -127
  -22  -2771  -65
  -84  -2789  -50
  -50  -2770  -69
  -52  -2770  30
  -18  -2780  112
  -29  -2750  -146
  -35  -2740  -140
  -48  -2764  -70
  31  -2765  -125
  -38  -2725  70
  -20  -2737  -17
  -31  -2747  -67
  -11  -2763  64
  53  -2754  36
  -3  -2738  -190
  -21  -2749  -81
  -30  -2756  -58
  -30  -2757  12
  24  -2781  342
  -49  -2725  93
  -57  -2722  -172
  -102  -2753  103
  -65  -2742  -137
  -72  -2735  -33
  -29  -2755  354
  -31  -2769  352
  -33  -2740  -86
  -12  -2730  -112
  2  -2734  84
  66  -2733  -104
  30  -2712  -24
  33  -2750  -21
  -24  -2734  -95
  22  -2745  -111
  -81  -2728  -46
  -2  -2709  -4
  -55  -2730  -106
  -29  -2767  -126
  -20  -2727  -35
  -2  -2729  120
  -25  -2741  -20
  5  -2754  -75
  32  -2738  6
  20  -2745  14
  -39  -2750  -151
  5  -2739  2
  71  -2742  113
  1  -2744  -87
  -76  -2764  -113
  12  -2752  -134
  15  -2732  -59
  -47  -2758  -12
  -43  -2725  -230
  11  -2716  -98
  8  -2767  -83
  -7  -2798  -188
  -40  -2732  -159
  -18  -2768  -32
  28  -2756  123
  -3  -2784  -121
  -25  -2726  -49
  39  -2775  -52
  -27  -2736  38
  -63  -2770  -88
  20  -2759  -4
  -31  -2720  -69
  15  -2787  10
  14  -2732  -32
  8  -2759  -117
  -73  -2739  -112
  -18  -2766  -112
  19  -2745  -125
  -2  -2762  -16
  -20  -2734  -154
  11  -2766  32
  -8  -2739  123
  24  -2750  -104
  62  -2743  -155
  19  -2757  -57
  -78  -2737  325
  44  -2736  -120
  20  -2743  -31
  -8  -2760  -78
  -26  -2752  -25
  -25  -2782  -113
  -33  -2764  -219
  9  -2768  -117
  67  -2765  -53
  12  -2764  -81
  -25  -2731  -435
  3  -2739  -24
  -21  -2769  -236
  -15  -2753  73
  -22  -2774  4
  25  -2746  -140
  12  -2780  -62
  -15  -2757  61
  27  -2757  -51
  63  -2769  5
  29  -2768  -37
  18  -2759  -57
  9  -2763  -27
  35  -2797  92
  -14  -2764  -139
  -85  -2751  -114
  -49  -2754  -76
  6  -2778  -176
  -85  -2753  -38
  -45  -2783  116
  -68  -2742  -8
  -67  -2765  293
  22  -2758  -25
  9  -2770  -134
  -43  -2743  -191
  23  -2761  -69
  19  -2767  86
  33  -2759  -54
  14  -2755  -60
  22  -2751  -69
  32  -2752  -219
  -11  -2748  -57
  -6  -2730  28
  -32  -2730  57
  -28  -2749  -17
  -12  -2754  115
  -25  -2774  -83
  -51  -2726  -98
  -40  -2748  -135
  -19  -2754  -121
  -20  -2722  23
  18  -2733  120
  -5  -2753  113
  21  -2732  -111
  33  -2753  -211
  -1  -2718  -64
  41  -2724  -99
  49  -2735  -90
  14  -2743  -48
  39  -2743  -6
  -62  -2699  66
  33  -2752  13
  8  -2723  -175
  -27  -2740  -198
  -61  -2715  -466
  -47  -2724  278
  -11  -2756  -67
  -18  -2732  -195
  2  -2727  -40
  26  -2730  -122
  55  -2737  -82
  60  -2751  -73
  -14  -2713  -6
  29  -2715  109
  -15  -2736  -195
  -28  -2737  -54
  -33  -2715  -221
  -39  -2745  -207
  -40  -2765  -80
  -54  -2734  56
  47  -2742  95
  31  -2755  -82
  -26  -2762  -22
  1  -2717  -22
  35  -2702  -72
  12  -2753  -15
  -28  -2707  -92
  -5  -2726  -230
  26  -2757  -2
  5  -2728  -68
  -22  -2746  -163
  12  -2748  -47
  35  -2737  -388
  -31  -2739  -13
  -16  -2737  -205
  52  -2740  -25
  19  -2751  37
  17  -2772  -186
  20  -2740  -49
  -15  -2764  -79
  -21  -2728  105
  4  -2769  -124
  32  -2765  108
  -18  -2761  -75
  -22  -2749  -204
  -15  -2764  121
  -4  -2772  -109
  13  -2750  1
  -25  -2748  -46
  15  -2753  -77
  40  -2763  -210
  -6  -2761  -34
  -27  -2748  55
  8  -2792  -227
  3  -2762  -43
  -22  -2769  -34
  -26  -2789  -32
  14  -2769  -104
  -29  -2755  -120
  -34  -2747  -36
  -12  -2790  -54
  4  -2770  -167
  8  -2752  -122
  -14  -2737  -42
  12  -2753  112
  47  -2749  -93
  7  -2775  -162
  34  -2760  -99
  -15  -2789  -17
  49  -2779  95
  69  -2779  18
  -68  -2744  -88
  -10  -2757  51
  -15  -2748  -16
  -14  -2744  -200
  -33  -2758  -197
  -26  -2730  37
  -83  -2738  -50
  -32  -2757  -204
  -13  -2773  22
  23  -2740  39
  -6  -2750  -61
  52  -2734  31
  34  -2733  75
  -7  -2767  9
  45  -2735  -60
  9  -2755  -55
  -25  -2752  56
  -35  -2744  -111
  -23  -2751  -37
  -26  -2764  -466
  -37  -2739  47
  -36  -2783  -199
  -79  -2760  46
  -62  -2770  -14
  -55  -2726  12
  -40  -2737  -223
  -26  -2735  376
  -8  -2746  -43
  10  -2746  -57
  50  -2756  104
  -6  -2710  -416
  0  -2770  -16
  -35  -2765  -15
  66  -2716  -104
  -29  -2738  -50
  -14  -2725  -78
  -9  -2720  82
  -82  -2787  -1
  -58  -2737  14
  -27  -2744  -18
  12  -2733  -93
  -42  -2741  -169
  6  -2724  -123
  1  -2729  -55
  21  -2761  5
  18  -2755  -106
  -26  -2759  29
  -17  -2704  -101
  15  -2765  -201
  -13  -2741  88
  -47  -2731  -106
  10  -2720  -41
  -47  -2743  -414
  -19  -2760  62
  -33  -2756  -112
  31  -2724  -36
  21  -2729  109
  29  -2716  -36
  -58  -2713  -146
  -24  -2719  13
  -15  -2715  33
  19  -2737  -30
  52  -2726  -28
  -22  -2706  -14
  -15  -2748  24
  18  -2760  -107
  30  -2719  -161
  9  -2758  22
  -55  -2751  -32
  -18  -2732  -55
  2  -2733  -387
  -14  -2729  -125
  -67  -2744  -94
  0  -2739  -65
  -52  -2769  -17
  0  -2737  -168
  22  -2706  -233
  -31  -2741  48
  -9  -2772  -51
  -32  -2785  293
  44  -2759  48
  71  -2778  101
  -8  -2753  -231
  -23  -2792  -206
  -30  -2736  -16
  -28  -2729  -37
  -7  -2775  -122
  3  -2791  -115
  5  -2772  114
  4  -2767  25
  48  -2772  -124
  9  -2758  -101
  -47  -2771  96
  17  -2769  -51
  -16  -2749  12
  7  -2754  332
  -16  -2745  -21
  38  -2783  71
  74  -2761  -114
  47  -2778  104
  29  -2769  -38
  24  -2748  -53
  19  -2766  -243
  21  -2797  -238
  27  -2777  65
  -44  -2750  -8
  -79  -2755  -137
  -93  -2745  104
  -61  -2747  -136
  -50  -2755  -189
  -56  -2750  -9
  14  -2762  -126
  -27  -2749  -244
  -30  -2725  -25
  -7  -2759  -28
  -22  -2762  -169
  17  -2759  -114
  33  -2758  -214
  25  -2773  -128
  24  -2742  -64
  -41  -2775  -19
  39  -2771  112
  26  -2744  121
  -47  -127  10
  -40  -2736  -123
  -40  -2742  309
  -37  -2764  -84
  -48  -2752  -193
  -61  -2750  264
  -16  -2737  -237
  -25  -2724  -18
  -18  -2737  -10
  -15  -2757  -36
