  -110  82  -102
  -96  60  -2721
  -153  51  -3067
  -146  77  -3012
  -120  39  -2781
  -112  56  -40
  -73  44  -3005
  -124  104  -3071
  -88  89  -3238
  -86  61  -26
  -91  88  -65
  -117  62  -115
  -111  72  -2990
  -85  93  -21
  -117  60  -2700
  -162  84  -3491
  -109  50  -85
  -101  60  -2963
  -151  91  -117
  -137  56  -26
  -111  66  -2953
  -120  55  -94
  -113  65  -3
  -86  46  -88
  -121  95  -103
  -100  86  -49
  -81  79  -101
  -92  54  -2776
  -98  43  -2471
  -105  65  -2957
  -95  68  -16
  -100  67  -2787
  -97  65  -80
  -76  68  -3041
  -119  48  -60
  -115  63  -66
  -50  96  -3210
  -92  71  -3238
  -66  89  -75
  -120  37  -16
  -119  95  -30
  -99  70  -49
  -139  55  -61
  -71  117  -18
  -128  62  -2704
  -131  69  -3207
  -107  83  -101
  -128  66  -3003
  -113  68  -3035
  -141  78  -2713
  -110  77  -2472
  -99  66  -3068
  -135  45  -2749
  -95  83  -3714
  -85  94  -77
  -119  65  -70
  -136  50  -104
  -92  83  -2967
  -96  86  -89
  -119  63  -128
  -50  36  -2800
  -99  40  -122
  -65  79  -2750
  -82  80  -2
  -90  77  -59
  -84  39  -2708
  -141  63  -3049
  -123  44  -107
  -129  91  -2997
  -135  84  -100
  -130  68  -2763
  -83  81  -79
  -74  55  -103
  -87  80  -3008
  -91  54  -2992
  -94  82  -115
  -90  53  -37
  -103  61  -12
  -59  87  -3060
  -49  80  -2799
  -61  65  -3010
  -95  68  -3028
  -129  67  -55
  -123  64  -81
  -143  83  -3051
  -130  51  -90
  -161  87  -89
  -72  88  -118
  -110  68  -3053
  -73  106  -26
  -145  62  -2749
  -144  41  -2987
  -122  98  -2710
  -58  57  -2985
  -105  36  -3048
  -97  77  -2794
  -102  60  -2985
  -109  60  -30
  -84  72  -2991
  -51  85  -66
  -117  102  -2696
  -145  28  -3070
  -73  74  -3071
  -112  80  -2957
  -95  96  -3
  -86  57  -34
  -105  44  -2793
  -80  97  -72
  -101  66  -2970
  -113  89  -87
  -115  64  -113
  -111  59  -2806
  -118  48  -124
  -76  71  -2812
  -81  36  -2710
  -117  66  -3000
  -111  80  -92
  -123  83  -39
  -80  41  -2979
  -82  111  -73
  -133  69  -2720
  -90  98  -2746
  -126  56  -3216
  -86  46  -2952
  -131  67  -103
  -110  52  -2761
  -140  97  -47
  -112  74  -110
  -133  61  -2699
  -99  97  -3051
  -89  68  -3036
  -98  40  -87
  -77  84  -3009
  -80  59  -24
  -156  58  -94
  -132  72  -2784
  -107  82  -3061
  -104  76  -2756
  -136  102  -2999
  -94  47  -33
  -100  81  -92
  -102  42  -49
  -149  68  -43
  -110  81  -61
  -141  81  -2960
  -123  75  -2800
  -36  58  -48
  -95  81  -2692
  -115  82  -3228
  -76  69  -49
  -103  76  -2808
  -80  89  -2
  -80  50  -52
  -76  71  -3058
  -145  95  -57
  -92  75  -2945
  -66  53  -64
  -104  46  -2729
  -73  59  -114
  -59  50  -113
  -101  77  -2698
  -148  71  -2784
  -64  69  -2722
  -95  66  -81
  -146  73  -39
  -114  93  -1
  -79  50  -100
  -105  60  -2712
  -119  55  -19
  -114  83  -3
  -53  66  -2802
  -85  70  -2956
  -107  63  -3001
  -99  75  -2785
  -95  81  -2991
  -135  103  -84
  -81  72  -25
  -117  49  -122
  -102  95  -2974
  -107  58  -2964
  -87  65  -3288
  -93  73  -2499
  -125  82  -3253
  -103  91  -2985
  -124  44  -2967
  -134  114  -85
  -103  76  -23
  -109  26  -95
  -88  32  -120
  -94  49  -2758
  -114  75  -85
  -113  26  -70
  -77  80  -115
  -96  79  -103
  -113  80  -2975
  -107  81  -3002
  -143  52  -2773
  -92  78  -72
  -95  62  -3016
  -71  60  -3052
  -151  52  -64
  -123  96  -3028
  -60  52  -81
  -76  75  -2981
  -131  35  -3030
  -112  65  -92
  -84  55  -2948
  -73  55  -78
  -91  62  -86
  -103  30  -124
  -62  78  -108
  -93  64  -2804
  -105  65  -2782
  -85  63  -2501
  -99  126  -2993
  -86  66  -2780
  -113  104  -2752
  -85  78  -2782
  -111  48  -2970
  -117  73  -2804
  -106  59  -2485
  -64  70  -115
  -92  42  -1
  -102  78  -6
  -139  42  -2530
  -145  51  -2947
  -91  83  -2714
  -83  90  -2952
  -140  46  -19
  -130  71  -2998
  -135  53  -2969
  -115  68  -2990
  -96  78  -2980
  -69  69  -41
  -114  46  -2768
  -95  33  -127
  -111  64  -3004
  -73  81  -3017
  -67  92  -50
  -141  66  -24
  -199  79  -22
  -122  35  -2798
  -116  65  -3053
  -82  87  -2952
  -84  57  -108
  -92  70  -56
  -91  78  -111
  -96  45  -3211
  -122  60  -3036
  -111  83  -2951
  -97  79  -2693
  -122  71  -61
  -102  90  -39
  -161  43  -70
  -70  50  -39
  -107  47  -123
  -103  85  -2977
  -92  93  -110
  -133  62  -2734
  -119  54  -2794
  -96  42  -98
  -146  70  -3003
  -61  50  -120
  -109  88  -38
  -131  76  -3055
  -128  39  -2972
  -107  83  -2959
  -85  70  -3262
  -141  58  -2753
  -94  50  -44
  -33  70  -3057
  -129  68  -31
  -99  73  -2761
  -112  40  -2949
  -104  57  -2998
  -128  78  -84
  -100  59  -2995
  -87  95  -25
  -144  63  -95
  -95  91  -2790
  -74  67  -2966
  -116  50  -3002
  -113  66  -70
  -120  118  -38
  -77  39  -77
  -70  50  -113
  -150  60  -78
  -77  74  -22
  -69  86  -2952
  -95  46  -2744
  -158  60  -14
  -100  73  -3005
  -101  87  -23
  -109  80  -10
  -97  59  -2770
  -125  53  -16
  -118  36  -3029
  -119  97  -3037
  -39  85  -3067
  -88  62  -2708
  -90  55  -102
  -87  80  -2970
  -141  56  -3052
  -63  92  -11
  -95  54  -2971
  -125  63  -2725
  -112  72  -2796
  -82  55  -87
  -34  30  -64
  -114  77  -20
  -95  94  -73
  -127  99  -14
  -118  71  -75
  -93  75  -3071
  -85  51  -55
  -90  62  -2963
  -128  79  -3049
  -108  53  -2980
  -93  48  -127
  -57  68  -65
  -80  88  -92
  -68  73  -113
  -112  101  -1
  -96  67  -3000
  -89  47  -57
  -124  48  -2770
  -113  82  -23
  -100  47  -8
  -72  74  -2950
  -102  95  -113
  -126  53  -53
  -62  75  -2701
  -95  83  -3203
  -115  77  -112
  -140  66  -97
  -109  61  -89
  -136  101  -2691
  -134  46  -2699
  -111  64  -112
  -111  47  -2768
  -96  64  -64
  -144  69  -84
  -86  95  -112
  -82  94  -22
  -137  91  -6
  -114  92  -22
  -135  46  -89
  -84  70  -100
  -115  85  -2788
  -99  62  -2746
  -129  70  -120
  -89  125  -47
  -79  49  -117
  -164  86  -128
  -100  73  -87
  -75  28  -2808
  -98  50  -121
  -71  68  -53
  -103  74  -99
  -96  40  -2692
  -132  81  -2761
  -68  61  -2749
  -144  85  -2949
  -81  55  -112
  -118  58  -2988
  -75  32  -3235
  -160  73  -3245
  -110  54  -72
  -97  79  -2814
  -127  74  -2976
  -136  90  -2550
  -129  47  -3207
  -87  42  -114
  -105  37  -49
  -172  80  -106
  -92  54  -87
  -100  78  -67
  -175  64  -3
  -85  81  -32
  -134  71  -3043
  -102  39  -3207
  -101  45  -3062
  -71  70  -3044
  -74  69  -109
  -97  68  -3011
  -76  74  -2975
  -144  91  -36
  -83  58  -2975
  -109  104  -2789
  -82  44  -87
  -117  80  -4
  -74  54  -3234
  -83  91  -2747
  -121  89  -32
  -87  59  -2771
  -86  86  -2452
  -102  53  -3060
  -118  88  -2753
  -122  75  -11
  -100  59  -83
  -84  100  -3019
  -83  82  -2772
  -96  78  -53
  -146  59  -3043
  -132  44  -2814
  -139  61  -96
  -69  95  -2710
  -106  73  -3043
  -95  59  -3022
  -101  40  -79
  -83  92  -39
  -154  28  -11
  -121  62  -27
  -87  54  -2990
  -88  88  -120
  -132  56  -3002
  -146  61  -2815
  -121  88  -3066
  -86  41  -110
  -101  79  -62
  -71  99  -3008
  -119  66  -53
  -89  91  -2809
  -145  83  -3060
  -111  61  -72
  -84  67  -117
  -90  48  -56
  -143  80  -68
  -134  99  -3038
  -105  71  -1
  -109  72  -2816
  -131  69  -2
  -71  49  -11
  -116  50  -83
  -89  80  -24
  -94  74  -2968
  -127  83  -3071
  -101  28  -2996
  -76  52  -65
  -44  70  -58
  -73  62  -2757
  -108  85  -90
  -121  82  -15
  -133  45  -31
  -63  75  -110
  -116  12  -113
  -104  50  -2723
  -94  75  -2726
  -101  55  -82
  -110  76  -2527
  -110  40  -57
  -111  59  -2796
  -135  39  -3046
  -134  15  -10
  -126  57  -17
  -137  87  -3049
  -88  115  -2986
  -66  113  -2550
  -104  90  -53
  -124  57  -46
  -121  35  -3021
  -71  20  -3055
  -103  53  -3206
  -112  63  -3044
  -165  97  -2978
  -88  71  -2783
  -110  46  -3251
  -79  72  -2798
  -120  59  -3024
  -101  58  -2813
  -90  62  -125
  -96  62  -3
  -111  55  -2717
  -137  88  -90
  -110  45  -35
  -131  72  -36
  -151  84  -2968
  -92  59  -36
  -123  43  -2978
  -50  46  -27
  -142  43  -2708
  -118  62  -2549
  -64  83  -3458
  -88  44  -2997
  -98  58  -121
  -81  55  -3208
  -129  63  -90
  -66  87  -3001
  -136  44  -2959
  -71  63  -3072
  -92  58  -2794
  -88  83  -2702
  -100  11  -2984
  -148  19  -112
  -150  71  -112
  -114  108  -54
  -99  56  -41
  -89  70  -22
  -115  79  -2795
  -66  74  -98
  -132  57  -26
  -19  79  -35
  -102  52  -2478
  -85  60  -2779
  -127  65  -68
  -121  40  -2949
  -155  82  -107
  -83  77  -67
  -132  74  -2767
  -91  56  -73
  -129  51  -2980
  -83  87  -15
  -136  72  -26
  -51  79  -62
  -87  73  -7
  -98  21  -2450
  -70  55  -2975
  -89  68  -93
  -149  87  -2511
  -118  74  -119
  -166  61  -39
  -107  58  -3001
  -133  26  -3047
  -83  71  -26
  -90  64  -33
  -185  79  -28
  -86  66  -116
  -116  34  -2722
  -151  69  -2471
  -112  60  -3
  -72  49  -8
  -113  57  -10
  -83  79  -104
  -88  82  -2980
  -56  72  -2742
  -78  36  -2760
  -142  76  -2553
  -81  68  -90
  -104  50  -25
  -57  45  -75
  -115  63  -26
  -105  67  -3
  -116  65  -109
  -116  97  -73
  -86  62  -2977
  -94  69  -90
  -102  73  -26
  -132  72  -3031
  -103  80  -2742
  -114  44  -3022
  -129  73  -2993
  -91  52  -50
  -118  92  -14
  -85  72  -2715
  -130  92  -6
  -99  80  -2978
  -81  65  -2501
  -132  66  -118
  -114  44  -2689
  -83  54  -58
  -66  34  -2798
  -114  64  -2974
  -69  67  -109
  -106  43  -3294
  -142  48  -23
  -136  49  -3066
  -129  82  -44
  -85  102  -2531
  -90  87  -2985
  -129  114  -8
  -118  49  -98
  -127  43  -113
  -59  16  -3305
  -78  43  -127
  -101  92  -63
  -73  118  -2707
  -105  79  -128
  -96  37  -126
  -77  78  -24
  -80  71  -2955
  -114  65  -3002
  -93  63  -3035
  -106  80  -2800
  -113  64  -3228
  -112  65  -2789
  -105  53  -2754
  -59  66  -2994
  -117  42  -61
  -104  61  -3326
  -44  66  -35
  -94  91  -84
  -111  51  -2946
  -56  73  -81
  -151  27  -17
  -86  74  -2954
  -26  54  -24
  -86  48  -109
  -116  68  -2987
  -139  59  -20
  -70  82  -2752
  -145  41  -3045
  -134  68  -3007
  -96  85  -2965
  -47  70  -62
  -85  77  -2749
  -118  37  -126
  -80  58  -34
  -160  72  -3010
  -95  50  -3232
  -120  50  -2997
  -85  61  -3002
  -96  79  -2782
  -132  52  -2693
  -70  71  -33
  -79  79  -2946
  -127  65  -2785
  -64  44  -50
  -50  73  -108
  -121  71  -2970
  -132  95  -42
  -174  95  -2970
  -25  67  -28
  -84  26  -2949
  -138  66  -63
  -71  77  -66
  -122  83  -2958
  -69  34  -3267
  -54  86  -80
  -105  17  -2950
  -115  53  -2948
  -162  91  -2964
  -172  72  -75
  -68  89  -2690
  -125  78  -3037
  -100  100  -2550
  -66  56  -3044
  -104  89  -2973
  -130  59  -2759
  -121  52  -102
  -74  55  -2760
  -141  91  -2813
  -113  73  -2971
  -76  84  -2973
  -104  97  -2718
  -113  51  -37
  -160  77  -2537
  -121  57  -91
  -118  72  -2805
  -81  95  -110
  -175  65  -2969
  -118  61  -119
  -86  36  -3065
  -104  65  -28
  -113  66  -73
  -87  69  -27
  -85  82  -16
  -104  74  -2725
  -137  74  -3005
  -97  34  -2787
  -100  72  -2480
  -87  59  -31
  -96  39  -12
  -74  23  -2964
  -77  71  -3001
  -55  86  -3018
  -122  81  -2559
  -128  96  -2766
  -143  49  -115
  -121  61  -2797
  -107  54  -15
  -60  85  -93
  -81  47  -2559
  -110  50  -25
  -79  65  -34
  -86  56  -7
  -104  45  -30
  -61  38  -38
  -112  67  -3029
  -157  89  -2539
  -107  60  -14
  -77  108  -2803
  -98  85  -8
  -149  49  -17
  -110  86  -61
  -77  34  -2961
  -120  55  -3299
  -36  65  -95
  -134  88  -126
  -87  95  -13
  -103  87  -3071
  -82  68  -3064
  -123  46  -26
  -108  36  -2296
  -87  88  -27
  -108  52  -2814
  -99  39  -23
  -62  52  -2705
  -88  48  -3008
  -77  77  -81
  -76  51  -114
  -91  51  -63
  -99  98  -2986
  -120  67  -3203
  -99  70  -2990
  -86  61  -2968
  -128  66  -30
  -133  64  -3004
  -81  42  -2509
  -96  84  -7
  -124  71  -2988
  -96  50  -97
  -68  54  -122
  -70  77  -2976
  -110  82  -2974
  -115  72  -2799
  -118  98  -89
  -134  69  -3234
  -70  67  -88
  -90  83  -123
  -91  43  -1
  -114  90  -2486
  -63  79  -3212
  -168  52  -6
  -126  49  -2708
  -119  91  -2946
  -112  62  -3244
  -110  80  -3042
  -51  38  -2955
  -144  80  -2790
  -88  91  -84
  -86  89  -113
  -77  52  -2730
  -96  45  -44
  -121  47  -3214
  -84  55  -26
  -112  79  -2985
  -102  82  -3068
  -110  62  -2999
  -85  93  -110
  -122  57  -2729
  -31  60  -2774
  -111  62  -39
  -106  23  -3055
  -136  67  -36
  -130  64  -3005
  -83  102  -89
  -101  22  -16
  -81  64  -2706
  -71  82  -107
  -94  47  -2794
  -92  75  -2706
  -103  85  -2710
  -138  69  -109
  -77  61  -2554
  -112  99  -68
  -158  35  -43
  -81  74  -6
  -137  63  -2502
  -152  76  -76
  -71  58  -9
  -76  55  -3293
  -55  58  -2796
  -94  63  -2981
  -103  43  -2948
  -3  95  -2991
  -115  74  -124
  -63  76  -2790
  -148  45  -2750
  -116  69  -48
  -62  85  -2992
  -47  79  -2987
  -96  76  -2945
  -80  62  -3027
  -85  69  -123
  -152  77  -70
  -114  66  -81
  -126  53  -65
  -66  77  -75
  -126  84  -45
  -105  81  -62
  -81  33  -2730
  -108  20  -2735
  -105  59  -54
  -85  41  -60
  -160  29  -2745
  -131  66  -2548
  -131  53  -109
  -108  85  -3264
  -164  52  -2986
  -148  39  -2809
  -148  108  -52
  -70  75  -2750
  -96  72  -19
  -104  86  -25
  -76  38  -14
  -118  58  -108
  -116  44  -79
  -202  86  -2977
  -101  71  -36
  -156  71  -2735
  -95  61  -2953
  -105  109  -8
  -51  93  -87
  -87  83  -2756
  -80  93  -2689
  -75  72  -10
  -107  33  -3202
  -121  49  -2982
  -143  70  -59
  -110  74  -3045
  -95  52  -83
  -100  58  -13
  -112  60  -2980
  -115  66  -126
  -108  31  -60
  -81  47  -63
  -89  71  -2698
  -114  77  -127
  -164  63  -39
  -58  72  -18
  -118  49  -2806
  -130  60  -38
  -105  67  -54
  -108  80  -30
  -96  37  -89
  -69  93  -2690
  -86  71  -2744
  -175  71  -2722
  -47  54  -93
  -117  44  -3031
  -137  41  -128
  -114  66  -3025
  -109  59  -2949
  -126  76  -92
  -83  89  -38
  -96  52  -28
  -100  96  -3219
  -123  51  -3008
  -122  94  -18
  -132  53  -3213
  -82  36  -3057
  -147  79  -68
  -27  59  -128
  -97  110  -18
  -131  75  -4
  -92  73  -3015
  -87  57  -75
  -91  50  -88
  -133  90  -3043
  -109  102  -2800
  -110  71  -2517
  -120  54  -91
  -112  67  -2720
  -144  52  -3024
  -108  53  -66
  -125  55  -109
  -76  49  -2756
  -126  88  -2765
  -87  59  -42
  -114  45  -2748
  -76  48  -96
  -67  60  -43
  -48  32  -110
  -104  61  -3215
  -100  58  -2749
  -100  46  -69
  -93  54  -126
  -88  95  -2781
  -106  90  -90
  -168  51  -2954
  -138  61  -117
  -115  83  -107
  -146  71  -62
  -82  80  -3017
  -95  78  -2757
  -111  76  -113
  -98  79  -2802
  -117  60  -2546
  -151  68  -2467
  -93  91  -53
  -126  85  -86
  -100  73  -2986
  -89  96  -108
  -108  78  -99
  -59  93  -78
  -89  62  -28
  -128  70  -3016
  -131  62  -3211
  -86  60  -66
  -63  75  -2961
  -94  63  -3301
  -110  79  -21
  -78  45  -2796
  -146  57  -2281
  -33  55  -120
  -44  65  -2949
  -65  75  -2752
  -91  60  -2720
  -72  19  -2695
  -145  59  -2786
  -134  34  -122
  -63  71  -3021
  -105  58  -2772
  -102  46  -3010
  -93  67  -2968
  -81  97  -3280
  -108  48  -2775
  -104  50  -64
  -120  42  -3242
  -121  45  -2951
  -105  85  -56
  -119  48  -22
  -114  94  -3017
  -119  57  -2964
  -153  50  -109
  -135  74  -3215
  -90  74  -3042
  -107  88  -3021
  -145  85  -2730
  -91  79  -56
  -112  80  -110
  -54  53  -3301
  -120  64  -13
  -105  84  -108
  -127  52  -33
  -105  47  -11
  -87  75  -2717
  -126  50  -3055
  -90  99  -3254
  -163  88  -2738
  -84  50  -2703
  -68  75  -3008
  -119  66  -64
  -79  51  -95
  -47  69  -3026
  -157  112  -4
  -81  63  -3024
  -91  62  -62
  -67  81  -80
  -99  46  -96
  -78  50  -12
  -91  80  -3035
  -92  53  -2965
  -105  50  -2746
  -148  52  -2980
  -81  82  -58
  -105  63  -3053
  -117  62  -2791
  -94  86  -3049
  -31  49  -2749
  -118  77  -3005
  -120  84  -3069
  -63  69  -80
  -101  45  -128
  -99  75  -36
  -125  67  -39
  -124  42  -2690
  -81  42  -123
  -117  47  -2958
  -138  47  -108
  -70  60  -2527
  -69  93  -16
  -112  44  -2716
  -85  85  -97
  -83  70  -2950
  -127  63  -2768
  -112  80  -3212
  -118  49  -19
  -162  87  -64
  -114  30  -123
  -121  50  -55
  -94  62  -30
  -114  74  -41
  -96  81  -78
  -89  70  -3015
  -116  78  -2993
  -122  86  -2
  -138  33  -3030
  -121  50  -54
  -118  53  -123
  -97  82  -75
  -82  59  -2744
  -63  63  -2791
  -86  80  -82
  -125  94  -29
  -130  62  -91
  -101  32  -2740
  -96  72  -3045
  -127  67  -2513
  -96  98  -34
  -95  96  -2760
  -60  67  -27
  -69  94  -2801
  -97  64  -113
  -185  42  -8
  -158  112  -2986
  -90  78  -3001
  -121  52  -16
  -122  40  -2789
  -101  103  -21
  -66  75  -70
  -141  60  -2947
  -105  88  -105
  -137  91  -2487
  -73  42  -3066
  -47  71  -3024
  -99  50  -2796
  -71  59  -87
  -150  53  -2983
  -62  74  -2754
  -108  43  -2729
  -106  35  -3298
  -170  89  -124
  -94  62  -2976
  -30  48  -55
  -85  82  -2768
  -152  95  -48
  -89  69  -2714
  -128  48  -2955
  -171  47  -42
  -79  89  -120
  -90  49  -41
  -106  96  -5
  -129  67  -64
  -120  100  -2728
  -99  58  -2557
  -139  72  -69
  -123  76  -2762
  -110  108  -108
  -111  94  -3031
  -94  47  -2703
  -85  38  -2702
  -116  72  -57
  -109  47  -32
  -112  77  -66
  -82  33  -22
  -151  50  -3303
  -101  70  -2722
  -92  62  -70
  -98  63  -114
  -81  77  -92
  -109  61  -78
  -79  68  -2716
  -141  60  -2770
  -97  58  -2802
  -88  53  -2712
  -79  69  -2777
  -60  60  -50
  -112  77  -82
  -125  65  -2701
  -125  84  -2710
  -95  105  -60
  -104  92  -120
  -123  42  -96
  -154  73  -84
  -105  83  -2764
  -108  70  -72
  -113  84  -86
  -115  42  -43
  -73  62  -43
  -119  67  -101
  -134  57  -27
  -140  59  -2949
  -87  82  -25
  -97  59  -117
  -130  59  -2740
  -79  79  -2747
  -70  51  -2790
  -68  66  -3288
  -69  55  -96
  -85  80  -2978
  -51  64  -2733
  -98  68  -2779
  -105  62  -3258
  -102  70  -84
  -98  47  -2803
  -119  93  -3031
  -105  26  -81
  -116  67  -3295
  -95  84  -11
  -66  59  -90
  -129  32  -2691
  -129  76  -110
  -128  81  -2978
  -71  59  -42
  -83  80  -99
  -118  66  -3283
  -99  89  -2770
  -117  47  -122
  -112  33  -43
  -89  69  -10
  -135  93  -56
  -98  46  -3061
  -97  55  -2697
  -126  74  -40
  -91  80  -3034
  -120  72  -82
  -123  59  -2958
  -96  51  -98
  -166  48  -3037
  -118  102  -123
  -117  55  -2503
  -126  80  -88
  -106  84  -2789
  -99  49  -3049
  -90  78  -66
  -100  82  -2793
  -103  87  -17
  -123  93  -3038
  -163  68  -2810
  -107  90  -2750
  -68  64  -2
  -79  58  -122
  -99  91  -74
  -108  42  -2776
  -92  66  -3030
  -76  48  -86
  -111  40  -2269
  -123  50  -69
  -64  26  -2698
  -27  76  -88
  -110  61  -28
  -116  82  -3004
  -94  54  -14
  -118  30  -2985
  -94  63  -2992
  -130  84  -2791
  -113  89  -2979
  -113  64  -1
  -115  77  -13
  -125  52  -80
  -65  43  -119
  -125  37  -124
  -138  64  -4
  -117  47  -3071
  -77  76  -26
  -90  57  -70
  -147  77  -2969
  -74  51  -17
  -122  47  -87
  -91  80  -32
  -98  63  -104
  -175  79  -75
  -107  88  -2953
  -101  61  -49
  -85  76  -2711
  -164  67  -35
  -122  60  -117
  -88  27  -2973
  -89  47  -35
  -139  93  -28
  -97  67  -2783
  -111  92  -2759
  -84  67  -2979
  -133  20  -87
  -168  34  -26
  -94  55  -29
  -89  58  -102
  -85  61  -49
  -160  96  -3009
  -93  93  -3308
  -114  72  -2783
  -33  48  -2736
  -104  84  -2801
  -125  62  -66
  -126  61  -86
  -95  68  -64
  -53  124  -67
  -119  75  -2520
  -150  50  -105
  -104  76  -2801
  -93  36  -2980
  -114  78  -3008
  -99  84  -8
  -97  58  -110
  -106  57  -2967
  -147  51  -2807
  -122  72  -2544
  -76  65  -2812
  -95  44  -3042
  -70  71  -2958
  -140  79  -17
  -133  63  -44
  -121  60  -92
  -77  81  -2692
  -101  45  -2972
  -124  66  -72
  -115  70  -3016
  -184  62  -3044
  -125  61  -46
  -62  95  -126
  -82  72  -70
  -119  44  -2737
  -68  98  -93
  -149  53  -3012
  -130  65  -128
  -106  69  -2990
  -139  64  -2814
  -152  30  -50
  -129  54  -2956
  -93  66  -31
  -78  80  -3034
  -89  38  -2734
  -49  77  -2781
  -106  84  -112
  -132  71  -2986
  -94  120  -25
  -91  62  -119
  -108  57  -19
  -66  66  -3010
  -48  92  -60
  -91  49  -100
  -78  99  -65
  -117  58  -3
  -68  82  -3003
  -145  87  -10
  -81  89  -89
  -117  71  -124
  -118  25  -41
  -120  44  -74
  -105  94  -2790
  -121  60  -62
  -72  61  -2691
  -137  50  -82
  -144  57  -3060
  -100  119  -2799
  -87  86  -29
  -139  63  -60
  -154  87  -2780
  -63  64  -118
  -67  53  -3048
  -120  57  -2721
  -47  52  -3031
  -156  86  -2740
  -94  65  -103
  -139  49  -43
  -86  55  -2985
  -119  62  -2797
  -99  55  -123
  -64  45  -112
  -139  60  -75
  -127  80  -75
  -92  74  -125
  -70  81  -2999
  -106  111  -128
  -103  64  -2534
  -68  30  -2729
  -106  64  -3006
  -147  58  -2801
  -69  84  -125
  -110  63  -26
  -34  53  -23
  -92  61  -3005
  -80  74  -2477
  -100  74  -76
  -107  -114  -87
  -74  78  -47
  -108  57  -3056
  -102  58  -2786
  -104  68  -88
  -145  44  -3046
  -133  67  -54
  -117  109  -3273
  -77  67  -3039
  -94  76  -87
  -89  46  -2498
  -97  50  -17
  -85  68  -32
  -110  57  -2989
  -137  48  -83
  -111  59  -112
  -78  77  -97
  -94  30  -121
  -43  67  -92
  -94  94  -2948
  -116  52  -114
  -86  78  -3234
  -79  101  -2991
  -116  76  -2517
  -82  78  -61
  -97  76  -3
  -42  81  -33
  -97  42  -90
  -132  60  -2966
  -96  55  -83
  -123  55  -57
  -77  76  -3241
  -88  65  -2745
  -30  69  -2815
  -95  28  -9
  -129  69  -27
  -121  97  -53
  -104  89  -3571
  -111  78  -2959
  -97  78  -2780
  -65  93  -2722
  -73  63  -78
  -141  48  -109
  -103  88  -2509
  -80  53  -3029
  -144  57  -2750
  -91  82  -2757
  -112  96  -2774
  -87  84  -66
  -99  47  -2961
  -128  42  -10
  -112  43  -49
  -99  78  -76
  -119  107  -2760
  -122  102  -96
  -98  50  -3296
  -62  69  -2
  -150  38  -3034
  -75  57  -2966
  -121  71  -89
  -106  90  -118
  -113  104  -80
  -93  71  -3019
  -61  106  -2964
  -106  57  -104
  -35  58  -79
  -109  67  -50
  -107  57  -83
  -101  56  -83
  -63  74  -2727
  -110  33  -120
  -140  61  -2712
  -62  44  -6
  -108  41  -97
  -143  69  -121
  -141  58  -41
  -46  92  -90
  -71  79  -124
  -106  90  -2753
  -100  33  -2773
  -101  54  -3041
  -120  50  -126
  -109  61  -2780
  -117  78  -95
  -91  69  -2779
  -140  53  -2990
  -69  43  -2777
  -119  56  -7
  -116  72  -2958
  -69  86  -44
  -109  79  -42
  -119  59  -2696
  -97  75  -46
  -98  68  -2784
  -87  72  -2690
  -92  46  -3041
  -102  51  -2491
  -179  103  -2806
  -119  90  -18
  -39  88  -2763
  -104  73  -3065
  -85  28  -77
  -167  53  -49
  -165  52  -3060
  -105  49  -21
  -130  96  -2783
  -146  54  -6
  -27  55  -2949
  -123  90  -124
  -106  65  -44
  -95  47  -96
  -78  39  -112
  -154  87  -2762
  -114  46  -2802
  -114  63  -33
  -89  62  -2766
  -117  86  -3058
  -138  34  -3242
  -147  75  -2695
  -113  47  -2813
  -65  83  -85
  -95  67  -126
  -110  82  -105
  -162  78  -38
  -72  99  -107
  -95  63  -2719
  -86  66  -37
  -90  66  -3029
  -100  72  -47
  -86  101  -76
  -79  77  -3059
  -114  95  -112
  -116  48  -2740
  -134  57  -3244
  -86  84  -111
  -108  110  -76
  -81  25  -2523
  -100  76  -2945
  -137  82  -111
  -126  72  -93
  -96  88  -128
  -84  48  -3012
  -126  60  -86
  -97  87  -2768
  -139  87  -3041
  -111  82  -3030
  -81  76  -44
  -141  70  -2720
  -129  53  -27
  -157  64  -85
  -90  85  -114
  -127  47  -2816
  -101  63  -72
  -131  48  -2703
  -133  43  -24
  -110  60  -120
  -107  59  -2775
  -118  67  -3251
  -102  60  -9
  -80  36  -66
  -66  54  -2710
  -100  95  -52
  -131  55  -3256
  -135  77  -2481
  -105  59  -2956
  -74  66  -20
  -78  86  -2964
  -119  94  -3288
  -100  43  -87
  -118  71  -2729
  -68  46  -2946
  -92  71  -49
  -39  53  -2514
  -143  38  -83
  -120  57  -2716
  -120  35  -2721
  -107  25  -74
  -110  62  -107
  -149  93  -2794
  -77  46  -2990
  -81  89  -100
  -61  98  -83
  -65  70  -2977
  -101  53  -105
  -110  70  -3046
  -51  53  -2968
  -44  70  -2967
  -97  99  -3033
  -155  108  -2508
  -106  69  -3203
  -101  37  -3069
  -161  31  -2997
  -98  59  -2480
  -66  18  -2952
  -119  95  -2691
  -116  74  -2953
  -119  72  -3061
  -48  46  -2997
  -87  60  -16
  -57  84  -86
  -129  94  -29
  -116  83  -2552
  -120  75  -20
  -160  59  -20
  -96  83  -54
  -141  71  -9
  -107  86  -21
  -103  48  -3042
  -158  78  -22
  -95  59  -3059
  -98  44  -118
  -99  81  -3326
  -96  76  -66
  -187  56  -46
  -69  67  -102
  -99  28  -3021
  -124  42  -81
  -145  59  -3002
  -90  67  -2980
  -83  92  -3067
  -52  71  -2717
  -123  83  -2775
  -115  65  -3
  -99  94  -61
  -90  87  -2970
  -101  81  -100
  -103  80  -3004
  -101  102  -2953
  -124  63  -2767
  -107  79  -13
  -147  50  -2771
  -128  96  -32
  -84  60  -2999
  -65  61  -14
  -109  92  -2972
  -122  81  -2991
  -126  57  -67
  -132  69  -37
  -99  70  -44
  -119  72  -75
  -107  64  -17
  -83  112  -109
  -92  71  -3279
  -121  73  -2775
  -110  33  -2715
  -105  69  -2969
  -119  74  -2745
  -106  67  -26
  -53  62  -16
  -62  57  -3052
  -93  75  -3061
  -105  67  -2814
  -131  50  -2729
  -106  43  -2696
  -112  69  -41
  -142  44  -70
  -109  69  -92
  -71  56  -66
  -81  38  -42
  -86  53  -94
  -37  65  -2794
  -113  86  -3213
  -91  67  -80
  -78  88  -3034
  -99  74  -80
  -65  74  -62
  -102  59  -2749
  -59  72  -4
  -141  103  -2759
  -92  60  -49
  -124  97  -126
  -62  58  -3217
  -43  75  -2706
  -131  77  -3033
  -165  72  -3258
  -69  79  -21
  -103  77  -11
  -74  63  -112
  -108  54  -86
  -103  67  -57
  -96  91  -126
  -117  42  -2521
  -88  74  -2767
  -116  62  -3243
  -118  27  -3062
  -109  77  -36
  -98  80  -108
  -123  80  -83
  -82  44  -2955
  -150  45  -3261
  -127  54  -1
  -141  53  -32
  -32  98  -83
  -108  89  -2993
  -197  89  -2989
  -125  80  -128
  -29  35  -20
  -168  39  -43
  -109  59  -3004
  -64  103  -3071
  -109  89  -2953
  -84  44  -3031
  -142  68  -61
  -87  56  -67
  -96  37  -27
  -84  56  -3018
  -123  52  -104
  -98  71  -2960
  -117  56  -3205
  -112  95  -113
  -105  76  -2743
  -110  114  -3020
  -57  53  -2739
  -94  66  -2738
  -103  45  -5
  -109  62  -3031
  -87  93  -11
  -56  67  -68
  -68  63  -103
  -108  59  -3069
  -82  46  -64
  -118  65  -2744
  -124  99  -2499
  -118  68  -119
  -116  98  -42
  -120  58  -2521
  -118  35  -2959
  -115  84  -6
  -136  73  -90
  -93  53  -29
  -81  73  -2718
  -73  62  -41
  -118  53  -124
  -107  93  -16
  -88  42  -18
  -95  75  -3043
  -102  53  -91
  -72  104  -2789
  -103  83  -2964
  -97  79  -2971
  -105  39  -51
  -150  89  -3222
  -102  59  -2986
  -124  50  -3235
  -108  70  -2474
  -46  63  -91
  -77  93  -61
  -74  53  -2754
  -101  59  -61
  -102  97  -5
  -69  53  -2967
  -126  76  -2778
  -100  58  -3012
  -45  67  -2750
  -61  64  -2729
  -118  57  -69
  -65  81  -11
  -87  89  -61
  -97  68  -96
  -71  70  -2558
  -73  106  -2716
  -104  92  -126
  -106  83  -2711
  -89  40  -66
  -118  77  -2722
  -114  73  -121
  -121  58  -2960
  -77  97  -75
  -138  78  -53
  -91  122  -2702
  -86  35  -1
  -161  83  -62
  -69  67  -2813
  -120  78  -6
  -91  84  -2994
  -104  106  -8
  -95  102  -3274
  -86  62  -3006
  -123  92  -3007
  -129  61  -12
  -122  61  -96
  -105  66  -2448
  -122  47  -10
  -105  56  -10
  -125  50  -122
  -102  46  -84
  -109  59  -11
  -65  42  -2763
  -98  73  -3049
  -158  86  -3065
  -14  90  -36
  -72  48  -3328
  -62  80  -2978
  -130  43  -65
  -117  52  -33
  -84  44  -2706
  -85  63  -2740
  -105  69  -2722
  -117  67  -2779
  -92  75  -118
  -118  55  -116
  -111  75  -75
  -87  72  -3001
  -58  108  -3037
  -155  58  -2792
  -142  78  -40
  -151  71  -2968
  -57  58  -27
  -77  55  -72
  -79  54  -3027
  -138  62  -7
  -157  75  -54
  -77  71  -2533
  -121  66  -2816
  -106  64  -70
  -127  91  -78
  -63  61  -84
  -49  47  -2451
  -121  53  -2978
  -110  78  -2811
  -130  100  -91
  -104  97  -2725
  -81  84  -86
  -103  80  -10
  -107  72  -68
  -82  63  -106
  -110  43  -2743
  -134  84  -2458
  -125  75  -3
  -115  67  -105
  -133  72  -2802
  -99  50  -2762
  -66  63  -101
  -105  20  -2812
  -82  88  -57
  -107  94  -3020
  -113  87  -115
  -104  64  -3043
  -66  63  -116
  -101  81  -115
  -112  88  -18
  -71  51  -89
  -142  105  -2987
  -109  40  -55
  -106  74  -2721
  -58  58  -2946
  -107  96  -3032
  -128  76  -100
  -96  82  -75
  -84  57  -55
  -123  103  -3021
  -95  105  -2733
  -100  45  -2
  -154  91  -41
  -58  61  -19
  -116  80  -2486
  -114  49  -2978
  -99  94  -3007
  -68  90  -47
  -60  82  -86
  -91  53  -2979
  -115  70  -50
  -144  68  -12
  -116  81  -59
  -103  72  -56
  -118  81  -78
  -99  59  -96
  -28  88  -48
  -101  67  -31
  -165  94  -2955
  -106  92  -3000
  -108  116  -12
  -130  59  -3201
  -122  70  -28
  -85  93  -37
  -50  49  -3039
  -71  41  -122
  -90  69  -23
  -152  70  -82
  -101  42  -3021
  -62  73  -88
  -88  109  -21
  -114  93  -3003
  -74  85  -2765
  -159  105  -2698
  -151  92  -36
  -162  84  -2768
  -71  71  -29
  -117  60  -7
  -95  84  -2997
  -91  55  -4
  -111  71  -2550
  -115  76  -90
  -143  61  -3019
  -136  60  -2946
  -123  70  -80
  -98  95  -2729
  -88  87  -2735
  -103  77  -2718
  -154  30  -45
  -123  36  -3059
  -68  71  -9
  -94  55  -2765
  -120  60  -67
  -99  111  -3014
  -108  62  -2758
  -79  57  -3036
  -120  49  -61
  -102  48  -69
  -108  79  -3012
  -43  37  -2945
  -120  65  -2770
  -132  50  -120
  -117  35  -2788
  -102  46  -2722
  -80  87  -127
  -153  49  -14
  -108  68  -2716
  -51  36  -3279
  -136  75  -2552
  -119  80  -2997
  -132  74  -3246
  -57  30  -86
  -73  68  -3068
  -104  41  -3038
  -136  79  -49
  -95  77  -2726
  -129  88  -3059
  -78  100  -2721
  -127  70  -2762
  -97  60  -2506
  -102  76  -2765
  -100  63  -2985
  -136  66  -98
  -143  68  -5
  -40  88  -66
  -118  70  -12
  -73  66  -2946
  -104  42  -2509
  -129  84  -3234
  -99  73  -26
  -128  66  -3019
  -149  57  -89
  -56  85  -28
  -130  46  -3236
  -89  88  -78
  -138  40  -2536
  -107  50  -39
  -75  90  -95
  -71  78  -2559
  -117  77  -2794
  -138  64  -29
  -104  60  -7
  -115  90  -1
  -76  97  -5
  -67  51  -17
  -42  79  -90
  -118  98  -3069
  -70  51  -123
  -114  66  -3207
  -132  48  -2802
  -72  59  -66
  -129  66  -2758
  -158  60  -2770
  -93  71  -3051
  -116  59  -125
  -90  55  -104
  -93  70  -56
  -87  73  -35
  -47  108  -28
  -129  99  -2751
  -135  85  -78
  -110  45  -2954
  -40  68  -44
  -98  58  -2548
  -73  87  -2518
  -130  37  -14
  -120  91  -60
  -130  78  -2986
  -131  59  -3036
  -153  79  -2961
  -66  60  -68
  -105  85  -2975
  -127  62  -58
  -169  70  -2765
  -116  51  -37
  -89  87  -2997
  -62  62  -24
  -75  58  -117
  -96  68  -31
  -78  82  -60
  -59  60  -69
  -113  64  -2952
  -87  69  -116
  -66  55  -3016
  -73  77  -3058
  -59  73  -53
  -113  44  -58
  -78  41  -3060
  -110  53  -2717
  -132  74  -85
  -143  60  -31
  -128  67  -3003
  -118  63  -61
  -133  57  -63
  -86  57  -46
  -115  102  -79
  -120  64  -3001
  -99  81  -2813
  -64  63  -2813
  -94  78  -2695
  -55  81  -7
  -92  98  -70
  -147  57  -92
  -118  76  -2805
  -148  83  -2976
  -122  54  -61
  -109  75  -34
  -77  47  -3043
  -51  85  -118
  -135  56  -51
  -132  55  -2955
  -163  66  -16
  -125  56  -2960
  -114  103  -3245
  -112  75  -21
  -73  43  -39
  -96  32  -80
  -88  27  -2739
  -100  60  -2970
  -118  73  -59
  -135  73  -3012
  -102  119  -3016
  -152  65  -2816
  -139  20  -2978
  -64  56  -104
  -41  84  -125
  -33  47  -72
  -84  98  -105
  -82  75  -2993
  -89  74  -81
  -92  15  -44
  -131  56  -2754
  -109  69  -3022
  -49  70  -118
  -76  87  -69
  -113  58  -2690
  -94  74  -2952
  -129  83  -108
  -128  62  -2993
  -119  85  -11
  -115  70  -64
  -134  82  -34
  -98  62  -33
  -104  76  -119
  -107  69  -86
  -96  65  -118
  -73  60  -31
  -116  90  -44
  -115  51  -64
  -125  58  -109
  -119  87  -2992
  -100  85  -108
  -153  81  -3032
  -99  91  -2965
  -80  52  -102
  -86  70  -113
  -77  79  -121
  -86  66  -98
  -101  81  -71
  -98  89  -53
  -117  75  -31
  -134  36  -2524
  -113  39  -2695
  -78  34  -3031
  -114  102  -2780
  -97  85  -67
  -158  48  -2761
  -86  52  -2729
  -117  53  -119
  -53  73  -2994
  -126  56  -3010
  -151  64  -2782
  -88  37  -2975
  -54  80  -2808
  -88  59  -75
  -135  66  -119
  -93  78  -15
  -141  87  -2719
  -129  90  -107
  -128  73  -3004
  -99  66  -92
  -82  85  -127
  -117  68  -2715
  -72  85  -75
  -71  59  -2225
  -87  58  -2800
  -69  46  -109
  -28  58  -115
  -149  88  -2951
  -83  39  -2806
  -120  64  -2553
  -127  57  -75
  -91  52  -2550
  -175  54  -2536
  -101  65  -2800
  -75  61  -97
  -113  65  -3005
  -37  47  -122
  -139  71  -56
  -148  90  -15
  -118  54  -2736
  -69  84  -2960
  -82  51  -17
  -137  68  -44
  -90  56  -63
  -99  51  -3012
  -108  59  -2717
  -85  41  -39
  -71  74  -2546
  -114  75  -2748
  -102  101  -64
  -109  89  -94
  -103  101  -52
  -112  75  -3056
  -53  46  -3205
  -135  73  -45
  -106  90  -2731
  -136  68  -35
  -94  56  -3011
  -92  78  -3247
  -107  98  -85
  -148  50  -85
  -115  43  -3209
  -94  36  -2970
  -129  42  -2296
  -144  31  -5
  -103  53  -2946
  -93  74  -3292
  -94  49  -61
  -92  28  -24
  -66  43  -3000
  -81  37  -2795
  -114  59  -37
  -96  59  -55
  -110  88  -3216
  -118  80  -2950
  -141  67  -15
  -105  77  -2532
  -111  69  -2791
  -94  68  -3009
  -97  74  -3022
  -107  64  -34
  -67  33  -2489
  -124  69  -127
  -91  61  -2741
  -141  72  -111
  -83  51  -2768
  -104  77  -3002
  -61  73  -3051
  -57  102  -2746
  -80  83  -128
  -148  68  -34
  -108  44  -5
  -61  63  -26
  -69  102  -2787
  -86  89  -2987
  -135  62  -67
  -108  53  -3311
  -136  104  -22
  -135  56  -77
  -149  61  -116
  -102  101  -78
  -148  75  -64
  -82  52  -2971
  -80  60  -47
  -101  76  -55
  -64  70  -3260
  -136  51  -77
  -116  79  -2509
  -108  63  -5
  -106  64  -90
  -91  54  -3297
  -98  41  -2986
  -165  99  -2511
  -117  106  -119
  -113  59  -3219
  -142  58  -2816
  -127  42  -2959
  -63  47  -2715
  -56  51  -68
  -118  69  -2961
  -157  57  -2971
  -80  74  -3031
  -60  64  -52
  -143  75  -80
  -113  95  -2712
  -122  60  -2965
  -113  110  -3069
  -97  103  -91
  -122  56  -2720
  -64  47  -43
  -109  19  -91
  -119  55  -3030
  -157  94  -93
  -113  80  -128
  -113  66  -65
  -88  64  -2814
  -74  44  -94
  -97  52  -41
  -141  89  -2816
  -111  92  -2719
  -106  80  -97
  -88  89  -3
  -109  49  -76
  -135  66  -95
  -115  64  -77
  -49  89  -90
  -102  59  -63
  -113  79  -2804
  -128  87  -3045
  -119  44  -2810
  -98  91  -2772
  -114  86  -45
  -119  77  -106
  -126  49  -58
  -125  101  -2464
  -111  80  -107
  -138  55  -39
  -79  59  -27
  -118  51  -8
  -122  38  -3052
  -110  75  -3031
  -124  73  -100
  -133  37  -85
  -114  66  -2437
  -67  33  -29
  -76  64  -113
  -103  49  -3247
  -99  59  -2973
  -112  60  -3051
  -62  54  -127
  -67  58  -86
  -115  76  -117
  -119  65  -116
  -90  74  -2804
  -64  29  -64
  -128  49  -3038
  -111  49  -61
  -141  67  -3242
  -47  73  -2960
  -138  72  -77
  -120  81  -2712
  -121  38  -2718
  -109  55  -10
  -34  78  -74
  -66  68  -77
  -145  51  -2994
  -85  56  -66
  -84  49  -63
  -110  59  -3002
  -116  63  -2756
  -97  53  -2775
  -124  71  -123
  -123  80  -2734
  -75  72  -2999
  -124  52  -2777
  -74  88  -2746
  -75  79  -120
  -143  64  -21
  -63  54  -3312
  -99  59  -30
  -130  80  -26
  -103  56  -2698
  -105  52  -3031
  -126  121  -2801
  -76  70  -2802
  -105  83  -31
  -75  67  -80
  -130  61  -2811
  -94  44  -43
  -140  70  -52
  -129  65  -45
  -126  42  -2802
  -94  95  -3053
  -137  76  -39
  -83  62  -3026
  -97  38  -2814
  -44  49  -66
  -133  72  -36
  -131  72  -127
  -118  69  -47
  -99  63  -3018
  -141  98  -10
  -91  67  -2780
  -149  79  -75
  -65  63  -3058
  -66  48  -2794
  -104  77  -3302
  -128  63  -117
  -106  103  -70
  -101  84  -3013
  -111  79  -15
  -60  113  -75
  -131  79  -2539
  -100  75  -39
  -136  72  -3007
  -93  48  -2987
  -119  39  -29
  -53  59  -2986
  -132  61  -76
  -115  77  -78
  -52  36  -2768
  -90  61  -2750
  -64  57  -106
  -124  35  -69
  -137  51  -36
  -98  81  -125
  -83  59  -3223
  -90  75  -3067
  -101  58  -117
  -84  71  -2509
  -123  67  -127
  -113  74  -2791
  -79  61  -90
  -80  67  -71
  -144  87  -14
  -93  70  -3047
  -131  29  -2960
  -64  57  -2992
  -96  54  -111
  -89  65  -47
  -104  61  -2792
  -65  88  -8
  -98  68  -3022
  -110  96  -2985
  -155  43  -88
  -115  81  -2963
  -83  34  -2962
  -114  26  -46
  -136  91  -2963
  -105  72  -2538
  -85  38  -2977
  -151  59  -2806
  -100  45  -91
  -135  65  -52
  -91  78  -2972
  -121  77  -75
  -77  101  -107
  -65  69  -3245
  -120  48  -31
  -87  47  -4
  -131  71  -2732
  -88  66  -115
  -130  87  -71
  -97  73  -2778
  -87  69  -74
  -153  66  -3025
  -151  29  -23
  -131  36  -2783
  -97  90  -2559
  -150  65  -3035
  -74  81  -3021
  -110  83  -3068
  -98  72  -125
  -115  12  -71
  -115  94  -116
  -59  98  -97
  -62  67  -16
  -154  97  -3004
  -102  61  -111
  -119  52  -111
  -110  51  -2786
  -100  95  -2951
  -133  84  -3202
  -113  86  -90
  -102  42  -3006
  -135  66  -94
  -82  80  -3006
  -107  74  -25
  -127  58  -3055
  -91  44  -2710
  -141  101  -27
  -136  57  -67
  -115  78  -2796
  -108  92  -2975
  -70  56  -2810
  -91  73  -2737
  -129  72  -110
  -101  66  -3058
  -79  82  -2804
  -69  66  -2777
  -129  48  -2775
  -120  58  -121
  -107  44  -2525
  -98  87  -75
  -113  72  -126
  -71  74  -2985
  -122  42  -25
  -148  95  -38
  -166  71  -71
  -87  67  -2804
  -118  63  -29
  -91  91  -3034
  -120  85  -117
  -89  50  -2752
  -88  77  -87
  -71  88  -3015
  -100  99  -79
  -110  94  -2781
  -121  58  -2746
  -58  53  -2775
  -98  38  -2799
  -148  70  -50
  -44  72  -3046
  -104  54  -2709
  -72  70  -2
  -122  45  -2958
  -149  59  -3011
  -85  110  -2988
  -109  87  -2745
  -113  81  -41
  -117  49  -42
  -97  44  -76
  -141  52  -2701
  -132  41  -79
  -94  81  -33
  -46  44  -2948
  -86  61  -3032
  -66  83  -14
  -110  70  -76
  -85  58  -60
  -145  72  -19
  -100  41  -2752
  -111  72  -2553
  -100  43  -3291
  -97  37  -2975
  -97  77  -2781
  -76  84  -73
  -35  47  -2986
  -133  52  -58
  -118  45  -2752
  -137  42  -2735
  -158  84  -108
  -92  82  -3252
  -122  89  -3025
  -127  83  -2
  -86  75  -51
  -68  38  -101
  -106  55  -2985
  -108  35  -63
  -107  77  -28
  -34  76  -46
  -92  90  -2970
  -103  76  -3231
  -128  55  -3304
  -131  58  -3318
  -123  55  -2972
  -119  106  -49
  -121  53  -42
  -124  89  -108
  -107  83  -2750
  -80  100  -3064
  -90  46  -3316
  -156  70  -2
  -87  51  -3009
  -113  82  -105
  -55  66  -64
  -86  76  -98
  -146  70  -8
  -130  84  -34
  -89  39  -3032
  -145  54  -25
  -102  50  -15
  -114  58  -3034
  -116  65  -2781
  -104  20  -2957
  -84  48  -62
  -113  46  -2708
  -76  63  -2733
  -112  81  -110
  -34  69  -87
  -126  68  -3037
  -111  76  -7
  -120  72  -87
  -76  69  -3042
  -104  51  -2532
  -112  66  -2785
  -49  93  -78
  -91  77  -99
  -169  87  -27
  -112  91  -67
  -100  59  -2703
  -98  88  -2968
  -114  52  -2965
  -49  70  -3261
  -97  96  -3022
  -109  60  -2961
  -92  58  -104
  -34  65  -2793
  -88  70  -64
  -131  65  -31
  -171  49  -2724
  -112  69  -2794
  -88  52  -19
  -122  70  -2813
  -113  80  -105
  -101  48  -3227
  -87  57  -71
  -102  76  -3006
  -95  72  -127
  -132  50  -39
  -122  49  -2798
  -83  69  -2786
  -128  81  -52
  -70  83  -2496
  -90  99  -2980
  -72  80  -73
  -106  74  -2488
  -87  46  -28
  -177  62  -31
  -71  24  -76
  -110  62  -60
  -120  76  -76
  -105  79  -2539
  -79  75  -72
  -119  73  -83
  -135  60  -2969
  -127  88  -2996
  -117  58  -2793
  -92  55  -105
  -89  93  -105
  -66  72  -66
  -139  68  -3302
  -59  46  -46
  -88  56  -100
  -142  42  -60
  -70  36  -2952
  -114  66  -3215
  -96  91  -9
  -104  65  -80
  -127  58  -2988
  -125  96  -3052
  -95  67  -2752
  -93  75  -49
  -108  68  -81
  -126  53  -87
  -132  46  -3
  -128  77  -76
  -88  87  -2949
  -73  110  -91
  -118  31  -2984
  -165  46  -3068
  -88  66  -127
  -104  60  -3005
  -103  27  -12
  -109  50  -54
  -110  73  -3239
  -112  81  -2960
  -155  119  -47
  -143  70  -2980
  -123  63  -3
  -132  57  -2753
  -131  55  -102
  -104  67  -63
  -108  79  -2984
  -107  49  -5
  -111  43  -2799
  -87  59  -3274
  -130  28  -51
  -126  71  -63
  -120  83  -36
  -101  71  -2809
  -59  89  -34
  -145  46  -2779
  -72  61  -106
  -123  44  -17
  -105  78  -84
  -111  100  -86
  -152  79  -125
  -136  46  -124
  -59  87  -45
  -104  84  -3
  -117  72  -93
  -92  68  -99
  -123  65  -2544
  -123  80  -2551
  -123  76  -3009
  -62  98  -85
  -106  82  -9
  -83  80  -2731
  -119  84  -76
  -113  27  -20
  -84  70  -95
  -107  67  -3239
  -98  60  -6
  -122  87  -34
  -121  69  -2488
  -120  61  -96
  -126  73  -2747
  -159  104  -110
  -139  70  -2968
  -80  111  -3050
  -124  68  -2703
  -140  76  -3224
  -87  57  -124
  -163  58  -2517
  -162  70  -2707
  -104  48  -2983
  -121  52  -3013
  -116  92  -83
  -73  63  -2792
  -103  48  -80
  -149  63  -102
  -121  50  -68
  -138  96  -90
  -110  85  -127
  -66  109  -2779
  -32  95  -2726
  -79  84  -2953
  -135  84  -2949
  -80  75  -88
  -46  55  -35
  -96  27  -3277
  -73  65  -96
  -128  47  -101
  -132  77  -113
  -104  50  -2697
  -105  67  -2959
  -45  52  -75
  -125  82  -2980
  -122  80  -38
  -76  55  -73
  -90  73  -2785
  -98  51  -2755
  -73  48  -2981
  -164  83  -2793
  -132  71  -3021
  -98  70  -53
  -76  116  -2697
  -87  50  -46
  -79  112  -2990
  -127  76  -3023
  -84  64  -2775
  -59  105  -50
  -57  47  -2772
  -86  89  -3061
  -101  89  -2788
  -81  63  -113
  -59  62  -3045
  -83  58  -21
  -116  75  -48
  -65  57  -2205
  -122  52  -30
  -105  65  -3060
  -70  63  -2774
  -89  81  -71
  -90  77  -2965
  -123  43  -3020
  -87  9  -3031
  -127  61  -58
  -128  70  -50
  -84  50  -44
  -123  87  -2999
  -93  76  -106
  -106  69  -2731
  -113  71  -3221
  -90  65  -103
  -105  107  -127
  -125  75  -90
  -69  79  -2961
  -122  62  -3203
  -84  92  -2973
  -74  51  -3024
  -104  64  -19
  -76  51  -3043
  -114  68  -3069
  -88  68  -5
  -49  79  -3016
  -83  59  -2969
  -122  65  -11
  -153  83  -3054
  -105  59  -2992
  -82  36  -70
  -98  33  -4
  -126  52  -2735
  -96  79  -62
  -87  71  -2998
  -106  43  -2984
  -110  89  -2810
  -141  58  -3203
  -140  76  -2770
  -148  88  -124
  -133  78  -26
  -111  72  -3026
  -102  54  -2806
  -102  70  -2799
  -144  70  -120
  -145  74  -3046
  -96  29  -93
  -70  86  -2786
  -97  79  -2721
  -101  80  -61
  -104  32  -36
  -120  87  -124
  -59  94  -106
  -99  83  -91
  -117  45  -86
  -137  75  -3070
  -98  54  -2722
  -93  65  -97
  -89  81  -68
  -99  82  -32
  -96  59  -3007
  -81  67  -1
  -105  48  -2976
  -117  58  -2989
  -102  85  -3296
  -165  99  -77
  -157  73  -7
  -118  42  -2971
  -116  94  -19
  -98  84  -61
  -89  35  -3037
  -96  106  -2753
  -111  70  -2695
  -111  58  -3036
  -67  110  -33
  -111  34  -2988
  -105  64  -88
  -82  10  -2762
  -68  70  -2734
  -93  77  -2457
  -87  56  -2744
  -124  61  -2965
  -134  86  -2764
  -101  63  -3020
  -80  62  -32
  -41  79  -22
  -101  27  -2746
  -85  82  -18
  -86  61  -122
  -74  81  -2719
  -218  120  -70
  -72  86  -3206
  -97  76  -3035
  -36  58  -3071
  -60  41  -2982
  -98  59  -2961
  -111  63  -91
  -124  66  -118
  -149  55  -17
  -88  90  -2769
  -100  105  -3215
  -51  118  -2746
  -118  70  -55
  -80  86  -2474
  -179  47  -85
  -89  81  -94
  -63  49  -98
  -105  79  -125
  -134  58  -2755
  -133  107  -3013
  -151  46  -2998
  -96  -2  -111
  -106  38  -3020
  -90  77  -38
  -112  58  -2810
  -159  69  -2972
  -151  65  -3047
  -77  69  -2780
  -149  48  -2814
  -69  74  -3224
  -80  45  -84
  -40  90  -121
  -96  79  -123
  -88  50  -3063
  -116  65  -2769
  -80  70  -50
  -110  56  -108
  -148  72  -82
  -142  100  -3059
  -125  30  -93
  -92  64  -110
  -89  46  -29
  -76  73  -56
  -112  79  -2768
  -98  72  -62
  -97  60  -70
  -160  62  -96
  -128  62  -2787
  -60  56  -79
  -98  47  -109
  -87  109  -2796
  -108  97  -2736
  -73  60  -114
  -88  71  -2989
  -46  67  -35
  -66  98  -18
  -113  78  -3021
  -97  60  -3048
  -115  51  -2979
  -65  79  -2731
  -125  55  -2784
  -170  88  -2993
  -130  25  -79
  -116  49  -16
  -123  54  -113
  -74  77  -2951
  -74  48  -2783
  -67  87  -110
  -82  72  -128
  -126  76  -38
  -120  82  -112
  -119  71  -2811
  -85  79  -2720
  -91  93  -5
  -92  95  -35
  -70  53  -112
  -115  104  -101
  -99  60  -103
  -147  41  -123
  -104  66  -40
  -122  89  -2981
  -125  53  -2702
  -98  75  -98
  -71  76  -2692
  -90  71  -101
  -99  79  -3056
  -95  62  -61
  -50  93  -2736
  -97  63  -2538
  -57  56  -44
  -64  40  -3281
  -139  80  -19
  -60  100  -79
  -86  61  -26
  -120  70  -2947
  -98  86  -96
  -68  55  -3027
  -78  81  -90
  -146  86  -3068
  -105  74  -63
  -113  77  -2959
  -40  62  -2970
  -146  63  -126
  -108  62  -2505
  -77  86  -3072
  -79  83  -2947
  -88  43  -83
  -102  77  -9
  -148  87  -22
  -69  54  -23
  -103  50  -3036
  -112  60  -71
  -96  32  -2957
  -88  56  -3012
  -86  94  -2723
  -118  49  -89
  -89  42  -48
  -68  82  -2743
  -78  48  -2992
  -113  70  -36
  -103  52  -2786
  -91  47  -28
  -97  59  -2769
  -121  78  -2786
  -122  71  -6
  -65  57  -120
  -90  64  -3014
  -44  53  -90
  -108  49  -3020
  -130  77  -2975
  -84  79  -3027
  -132  98  -76
  -114  74  -66
  -114  55  -2805
  -113  73  -18
  -74  38  -3064
  -68  66  -74
  -79  74  -12
  -105  74  -2963
  -143  78  -28
  -68  61  -3032
  -129  66  -35
  -107  72  -3002
  -68  71  -3209
  -151  80  -3028
  -100  93  -113
  -119  101  -3038
  -104  49  -3051
  -109  34  -3236
  -87  51  -3062
  -117  83  -2949
  -109  78  -35
  -126  37  -2950
  -122  63  -2945
  -88  41  -84
  -122  82  -48
  -92  72  -56
  -84  33  -64
  -96  33  -47
  -73  62  -2963
  -149  71  -2754
  -92  91  -109
  -127  77  -8
  -92  86  -2962
  -110  60  -2983
  -86  70  -84
  -58  78  -35
  -125  82  -2726
  -102  54  -3064
  -119  103  -2809
  -126  54  -78
  -88  83  -2798
  -55  23  -2967
  -146  38  -80
  -111  75  -115
  -79  53  -110
  -138  67  -9
  -111  56  -108
  -84  68  -2767
  -108  73  -15
  -122  59  -2816
  -101  63  -43
  -157  56  -2788
  -103  69  -2699
  -107  109  -3232
  -85  26  -2730
  -121  86  -2779
  -113  33  -3230
  -154  60  -66
  -74  85  -79
  -124  96  -111
  -58  -124  -57
  -122  58  -121
  -147  49  -115
  -99  94  -44
  -50  89  -2718
  -89  45  -110
  -80  42  -2954
  -132  68  -2815
  -93  77  -49
  -125  16  -2954
  -85  37  -51
  -156  74  -83
  -101  99  -7
  -59  86  -2460
  -153  44  -58
  -93  72  -78
  -101  27  -33
  -145  42  -2730
  -128  56  -46
  -120  93  -125
  -117  53  -2760
  -95  85  -52
  -125  84  -109
  -163  51  -2804
  -84  82  -124
  -109  71  -3009
  -102  71  -2947
  -162  59  -108
  -158  67  -58
  -68  75  -94
  -124  86  -1
  -101  63  -2790
  -130  41  -66
  -115  104  -1
  -81  58  -66
  -106  81  -8
  -180  83  -18
  -101  75  -3048
  -115  89  -78
  -122  42  -107
  -93  74  -105
  -125  41  -2558
  -155  39  -100
  -74  72  -1
  -93  98  -2766
  -41  41  -3
  -93  48  -2739
  -103  74  -102
  -104  58  -2721
  -110  52  -2695
  -93  33  -2775
  -78  89  -105
  -118  80  -2745
  -126  42  -3037
  -81  54  -2782
  -92  66  -17
  -78  66  -2751
  -153  83  -3027
  -120  77  -30
  -108  37  -105
  -66  85  -2993
  -101  48  -2733
  -97  38  -3227
  -104  74  -80
  -56  92  -2706
  -123  57  -83
  -140  74  -2771
  -102  40  -2997
  -98  30  -3000
  -148  56  -114
  -127  83  -2516
  -120  69  -2965
  -60  75  -97
  -145  51  -7
  -108  66  -21
  -93  85  -55
  -100  92  -2816
  -84  72  -32
  -117  76  -124
  -139  95  -2976
  -119  78  -87
  -99  56  -2950
  -134  63  -76
  -123  72  -2727
  -87  49  -8
  -94  83  -3058
  -121  54  -51
  -105  68  -60
  -23  73  -117
  -122  51  -19
  -117  61  -2740
  -133  67  -101
  -114  58  -28
  -138  38  -3059
  -161  44  -3014
  -88  68  -3001
  -142  57  -10
  -50  68  -2696
  -106  58  -3047
  -134  46  -6
  -73  66  -19
  -98  79  -25
  -41  69  -84
  -122  53  -67
  -73  54  -2954
  -95  116  -13
  -99  65  -109
  -128  121  -87
  -59  66  -2701
  -80  43  -118
  -71  31  -2735
  -95  65  -78
  -137  69  -83
  -107  78  -39
  -113  50  -25
  -106  64  -75
  -125  54  -2692
  -85  70  -2971
  -77  84  -2967
  -121  61  -2806
  -147  60  -78
  -111  71  -3007
  -77  54  -123
  -100  68  -23
  -132  82  -3023
  -148  63  -3059
  -104  113  -22
  -82  86  -104
  -84  68  -2969
  -48  46  -126
  -114  48  -3220
  -88  60  -27
  -112  78  -126
  -131  66  -2805
  -83  68  -2722
  -53  54  -32
  -120  40  -66
  -93  67  -2762
  -121  46  -14
  -101  65  -3219
  -78  49  -2436
  -118  75  -2731
  -102  -120  -38
  -61  43  -64
  -57  51  -2765
  -135  75  -2526
  -147  40  -16
  -120  65  -2778
  -125  74  -95
  -94  107  -2713
  -57  98  -76
  -140  54  -2991
  -132  54  -2969
  -112  31  -78
  -152  77  -43
  -114  69  -2996
  -134  47  -32
  -103  79  -3215
  -83  115  -61
  -86  61  -2742
  -84  68  -2785
  -76  38  -2762
  -129  46  -20
  -93  106  -14
  -129  95  -2777
  -84  96  -2795
  -136  70  -2813
  -135  77  -128
  -67  62  -113
  -81  67  -2742
  -144  88  -2790
  -111  70  -103
  -146  100  -2705
  -149  42  -2734
  -77  74  -44
  -87  53  -2978
  -136  51  -12
  -73  75  -65
  -55  91  -3041
  -147  32  -2812
  -67  75  -2996
  -84  75  -16
  -104  91  -59
  -78  51  -2768
  -75  63  -78
  -131  74  -2721
  -70  54  -76
  -129  83  -67
  -75  69  -3062
  -81  82  -2748
  -95  69  -88
  -94  60  -85
  -161  90  -2949
  -106  86  -3068
  -95  77  -25
  -126  68  -2763
  -97  63  -73
  -95  114  -3036
  -102  26  -2811
  -143  66  -51
  -113  71  -88
  -138  103  -3049
  -113  45  -14
  -112  82  -4
  -121  65  -35
  -101  55  -2957
  -74  84  -3064
  -92  88  -117
  -134  93  -2502
  -92  85  -62
  -94  96  -82
  -95  95  -65
  -97  84  -128
  -135  70  -118
  -119  68  -57
  -88  56  -37
  -91  59  -90
  -105  70  -2947
  -147  72  -2801
  -157  26  -2969
  -128  61  -94
  -96  20  -2478
  -87  91  -101
  -141  71  -37
  -79  84  -37
  -104  53  -21
  -121  51  -113
  -98  60  -36
  -65  51  -2726
  -84  94  -2544
  -81  66  -2813
  -102  62  -3061
  -100  90  -63
  -87  81  -2981
  -127  66  -2750
  -125  82  -119
  -107  62  -19
  -94  66  -2958
  -82  104  -109
  -84  60  -2804
  -115  100  -2813
  -89  47  -109
  -120  91  -127
  -113  72  -121
  -127  40  -101
  -69  65  -105
  -90  55  -35
  -79  113  -3028
  -125  81  -3061
  -88  109  -2794
  -58  59  -71
  -124  43  -2433
  -126  48  -2493
  -124  73  -41
  -141  86  -2987
  -79  92  -40
  -75  83  -120
  -121  73  -3070
  -146  63  -3015
  -118  75  -3071
  -52  48  -98
  -135  68  -22
  -52  99  -2804
  -68  68  -3038
  -84  76  -118
  -130  75  -6
  -91  70  -85
  -105  40  -115
  -85  57  -3005
  -123  70  -53
  -120  50  -23
  -88  80  -42
  -115  70  -112
  -119  43  -2727
  -111  94  -5
  -80  72  -2999
  -115  81  -2786
  -125  91  -2810
  -156  71  -73
  -112  57  -2983
  -78  88  -6
  -114  66  -2554
  -108  59  -2486
  -128  45  -108
  -103  74  -20
  -137  44  -21
  -96  72  -3009
  -147  68  -18
  -63  76  -6
  -81  74  -43
  -109  79  -3001
  -136  64  -87
  -116  43  -2699
  -122  78  -68
  -102  54  -20
  -119  78  -93
  -119  66  -2970
  -83  29  -2956
  -144  62  -72
  -110  81  -2982
  -103  58  -19
  -43  70  -3013
  -77  75  -48
  -148  77  -68
  -88  54  -2740
  -122  57  -120
  -110  84  -17
  -49  47  -2987
  -110  54  -44
  -92  78  -2709
  -76  79  -2791
  -130  84  -2759
  -90  52  -91
  -89  73  -125
  -95  110  -2990
  -134  75  -2781
  -94  61  -120
  -130  68  -43
  -68  43  -2974
  -79  86  -101
  -106  23  -2748
  -96  35  -2715
  -120  68  -81
  -97  75  -53
  -137  73  -128
  -138  76  -42
  -116  89  -2462
  -83  40  -27
  -115  88  -2768
  -104  61  -60
  -78  65  -7
  -105  88  -81
  -87  52  -3036
  -132  82  -2769
  -108  93  -57
  -25  82  -3041
  -84  71  -3281
  -89  61  -83
  -103  52  -45
  -87  52  -2774
  -144  62  -68
  -94  58  -2780
  -82  65  -2805
  -101  34  -91
  -103  91  -101
  -101  99  -42
  -126  69  -35
  -84  47  -2968
  -105  60  -96
  -94  93  -2759
  -86  57  -2762
  -89  64  -2735
  -76  121  -11
  -68  97  -37
  -102  61  -99
  -92  67  -40
  -83  59  -3203
  -85  47  -2954
  -142  34  -2968
  -111  66  -120
  -86  68  -42
  -104  84  -2816
  -116  83  -2771
  -137  47  -2525
  -114  52  -2754
  -59  62  -3058
  -99  75  -56
  -135  71  -77
  -121  66  -2760
  -87  60  -124
  -116  90  -77
  -105  50  -2945
  -128  69  -73
  -141  55  -2788
  -101  62  -20
  -140  71  -2978
  -81  73  -25
  -142  77  -2739
  -71  35  -2707
  -124  55  -35
  -138  58  -14
  -130  32  -2977
  -105  76  -16
  -111  63  -3012
  -97  109  -38
  -140  55  -89
  -104  76  -120
  -109  39  -3035
  -87  51  -32
  -105  85  -82
  -126  61  -120
  -143  79  -2996
  -93  58  -3005
  -129  89  -2953
  -126  53  -3
  -85  90  -21
  -146  52  -2992
  -148  76  -70
  -114  88  -2999
  -114  75  -9
  -83  49  -2808
  -107  59  -103
  -55  34  -83
  -68  53  -2807
  -133  78  -86
  -163  77  -66
  -144  51  -82
  -90  34  -3010
  -91  77  -112
  -108  33  -2743
  -78  105  -107
  -95  81  -84
  -156  83  -3005
  -82  75  -2993
  -144  85  -3240
  -70  92  -2973
  -96  14  -123
  -100  48  -2717
  -124  85  -96
  -141  84  -3006
  -102  105  -2806
  -122  85  -114
  -71  75  -2814
  -124  108  -67
  -135  65  -4
  -156  66  -42
  -90  28  -2800
  -105  91  -44
  -113  52  -3024
  -146  90  -2773
  -113  76  -3068
  -126  98  -3222
  -88  54  -3006
  -48  48  -59
  -77  66  -101
  -109  82  -3040
  -122  64  -84
  -100  29  -2697
  -113  75  -102
  -91  107  -121
  -116  98  -2991
  -55  61  -40
  -128  69  -2716
  -94  79  -3049
  -113  50  -4
  -121  74  -2813
  -74  45  -36
  -140  66  -3020
  -47  102  -2
  -100  79  -3062
  -72  83  -3010
  -96  65  -4
  -85  60  -74
  -113  51  -30
  -96  71  -45
  -67  87  -51
  -124  11  -71
  -104  62  -2778
  -110  84  -3072
  -107  66  -2798
  -92  60  -3289
  -96  39  -89
  -143  99  -59
  -74  63  -118
  -89  109  -2704
  -60  89  -73
  -78  82  -101
  -106  80  -3254
  -106  46  -2981
  -112  61  -23
  -114  57  -21
  -79  84  -2719
  -141  69  -6
  -93  83  -3042
  -71  47  -2774
  -119  61  -95
  -75  55  -3024
  -93  55  -2559
  -74  50  -2816
  -164  80  -98
  -103  66  -9
  -60  58  -49
  -67  106  -2981
  -63  61  -82
  -119  51  -127
  -112  92  -2
  -103  75  -2999
  -137  92  -70
  -89  67  -31
  -105  93  -2997
  -117  69  -85
  -160  43  -55
  -183  0  -69
  -55  40  -62
  -55  70  -28
  -128  63  -21
  -91  121  -36
  -166  111  -109
  -78  72  -2984
  -114  71  -2800
  -74  43  -60
  -92  84  -2775
  -114  75  -2791
  -98  64  -94
  -60  29  -2760
  -102  28  -48
  -64  62  -10
  -107  79  -2785
  -71  85  -96
  -133  75  -121
  -167  68  -2989
  -88  95  -2788
  -121  82  -2779
  -124  79  -87
  -111  73  -46
  -128  50  -104
  -103  116  -3071
  -78  98  -2729
  -53  73  -72
  -118  68  -3262
  -128  51  -97
  -135  83  -71
  -41  47  -2744
  -101  91  -3001
  -116  69  -2758
  -97  28  -2753
  -123  116  -91
  -129  77  -2544
  -117  95  -2789
  -50  64  -122
  -117  79  -2990
  -91  40  -2982
  -170  89  -2994
  -86  65  -72
  -101  75  -20
  -110  88  -97
  -69  92  -66
  -113  45  -54
  -71  44  -59
  -95  92  -114
  -162  54  -83
  -84  89  -121
  -98  35  -2696
  -16  66  -44
  -108  96  -2966
  -111  56  -111
  -94  58  -2990
  -54  80  -119
  -64  48  -2771
  -126  49  -13
  -58  69  -2767
  -86  62  -75
  -77  98  -2795
  -119  93  -2482
  -134  64  -2783
  -113  50  -108
  -99  56  -2815
  -96  84  -46
  -111  57  -96
  -135  49  -13
  -75  61  -29
  -118  79  -98
  -98  88  -46
  -116  85  -2990
  -103  68  -84
  -130  19  -103
  -108  44  -2955
  -146  44  -47
  -138  75  -2737
  -50  70  -42
  -109  70  -3034
  -84  67  -3003
  -115  61  -2711
  -90  87  -93
  -90  48  -2693
  -136  88  -2534
  -75  68  -2750
  -76  69  -3019
  -105  86  -102
  -111  84  -3059
  -92  56  -74
  -77  28  -61
  -181  69  -2795
  -119  69  -108
  -123  90  -70
  -122  70  -46
  -124  71  -2724
  -126  61  -2794
  -112  59  -117
  -138  62  -13
  -95  68  -3028
  -109  73  -2774
  -100  71  -2784
  -54  86  -106
  -117  42  -2545
  -95  64  -50
  -140  93  -2963
  -129  83  -111
  -34  56  -94
  -108  44  -2763
  -143  75  -42
  -108  76  -55
  -106  79  -2719
  -78  53  -89
  -91  85  -3011
  -98  68  -57
  -74  84  -10
  -75  78  -2787
  -116  83  -99
  -87  75  -3046
  -87  67  -2809
  -104  79  -3015
  -89  62  -2698
  -113  64  -3273
  -126  70  -11
  -82  47  -35
  -84  95  -75
  -134  57  -41
  -59  42  -3250
  -92  71  -119
  -64  91  -3264
  -130  65  -3008
  -115  42  -60
  -93  87  -32
  -142  120  -2756
  -136  78  -112
  -153  47  -79
  -123  63  -2718
  -79  50  -3024
  -79  103  -44
  -34  83  -35
  -143  81  -2806
  -101  105  -47
  -68  38  -2693
  -143  65  -9
  -71  54  -3044
  -94  50  -2719
  -117  50  -17
  -111  58  -98
  -145  89  -100
  -86  52  -2984
  -114  72  -3060
  -128  110  -80
  -65  82  -3310
  -74  59  -2790
  -126  50  -13
  -119  53  -3046
  -120  86  -3316
  -88  58  -14
  -91  99  -97
  -55  78  -2477
  -179  75  -2785
  -124  55  -2780
  -118  70  -2955
  -109  102  -3039
  -67  82  -2483
  -152  68  -117
  -88  64  -2468
  -90  40  -3227
  -90  64  -52
  -122  70  -2801
  -82  63  -2758
  -83  59  -64
  -82  70  -106
  -109  54  -127
  -81  67  -78
  -97  49  -1
  -93  102  -2968
  -80  111  -107
  -79  67  -120
  -110  32  -2770
  -106  9  -3001
  -106  60  -56
  -116  66  -2811
  -107  81  -3003
  -121  75  -2748
  -111  98  -2795
  -77  54  -31
  -110  52  -93
  -89  52  -35
  -167  74  -75
  -106  88  -72
  -121  82  -21
  -55  95  -73
  -64  28  -109
  -159  39  -82
  -138  83  -74
  -105  73  -2746
  -95  92  -58
  -163  72  -2947
  -101  83  -2982
  -85  57  -3026
  -86  83  -3003
  -142  65  -78
  -109  72  -2556
  -89  53  -93
  -65  83  -3328
  -67  71  -2802
  -24  90  -89
  -55  43  -2483
  -103  48  -2716
  -87  69  -81
  -124  77  -91
  -114  58  -71
  -67  74  -115
  -72  71  -2995
  -109  54  -2797
  -91  51  -87
  -109  72  -92
  -41  87  -2750
  -61  58  -51
  -116  68  -2962
  -116  60  -3000
  -79  77  -2777
  -112  54  -3011
  -116  84  -27
  -94  88  -34
  -94  50  -2753
  -99  69  -2730
  -127  50  -53
  -118  59  -3023
  -80  95  -2969
  -74  48  -2955
  -88  86  -2718
  -92  75  -16
  -67  61  -2989
  -95  80  -104
  -105  64  -2690
  -99  87  -85
  -92  42  -3473
  -80  63  -55
  -72  69  -57
  -166  80  -61
  -141  67  -66
  -96  65  -2795
  -75  92  -35
  -98  91  -2812
  -76  98  -2990
  -60  74  -2743
  -134  55  -18
  -138  88  -3044
  -155  45  -17
  -81  51  -3061
  -97  60  -24
  -93  44  -44
  -92  63  -112
  -137  67  -57
  -84  77  -45
  -112  96  -2711
  -94  61  -2992
  -100  64  -3038
  -93  51  -115
  -128  65  -45
  -89  63  -66
  -125  57  -2971
  -115  73  -2987
  -120  66  -119
  -131  65  -81
  -56  54  -2708
  -132  50  -125
  -114  71  -2958
  -93  52  -39
  -102  48  -17
  -132  65  -2777
  -82  80  -2690
  -90  74  -2949
  -71  54  -20
  -73  96  -2959
  -98  42  -78
  -97  95  -4
  -125  63  -127
  -79  71  -105
  -125  65  -66
  -132  91  -3039
  -114  40  -86
  -92  78  -82
  -71  61  -3002
  -86  6  -27
  -95  82  -3059
  -142  46  -82
  -103  94  -18
  -87  86  -2991
  -140  88  -2802
  -118  86  -74
  -102  74  -33
  -103  101  -2997
  -133  64  -10
  -80  79  -2443
  -107  60  -88
  -97  66  -38
  -49  75  -43
  -129  46  -55
  -83  81  -36
  -136  43  -126
  -130  52  -3204
  -58  62  -75
  -118  93  -68
  -78  47  -3061
  -68  48  -63
  -89  65  -2744
  -97  95  -3022
  -119  111  -3019
  -147  52  -2972
  -150  63  -53
  -86  80  -71
  -117  87  -3013
  -106  44  -2732
  -144  42  -32
  -110  87  -96
  -67  86  -3202
  -55  64  -2740
  -96  43  -2715
  -147  69  -37
  -122  56  -2554
  -135  75  -2773
  -146  68  -4
  -134  75  -3063
  -86  35  -2950
  -94  65  -2756
  -80  27  -2959
  -133  54  -3021
  -134  50  -6
  -109  66  -69
  -128  56  -2790
  -123  102  -3067
  -100  78  -99
  -111  86  -2953
  -40  50  -2995
  -93  54  -2772
  -137  75  -2813
  -109  55  -19
  -140  97  -2787
  -114  43  -104
  -172  60  -2952
  -137  69  -103
  -76  49  -2729
  -33  53  -3019
  -145  52  -105
  -112  74  -2494
  -100  85  -82
  -103  74  -101
  -84  76  -20
  -102  103  -121
  -66  70  -2738
  -97  74  -2951
  -63  60  -2505
  -99  103  -115
  -68  79  -103
  -126  52  -60
  -106  55  -2694
  -103  78  -2771
  -102  35  -48
  -89  31  -2999
  -113  79  -3066
  -40  65  -3051
  -79  59  -3033
  -131  64  -2968
  -129  57  -2784
  -105  58  -72
  -92  56  -2977
  -106  57  -2797
  -127  82  -122
  -129  92  -57
  -105  76  -64
  -86  65  -3052
  -110  74  -37
  -87  35  -32
  -110  56  -3005
  -134  43  -2720
  -64  69  -2963
  -73  65  -2961
  -84  98  -2731
  -169  57  -2788
  -101  67  -99
  -92  91  -2703
  -108  73  -97
  -72  44  -3285
  -57  61  -2800
  -72  119  -2749
  -139  71  -96
  -131  60  -59
  -87  29  -2691
  -92  49  -3008
  -65  56  -15
  -100  71  -106
  -130  58  -2552
  -126  104  -3037
  -102  61  -90
  -129  70  -2761
  -90  47  -2745
  -72  28  -2792
  -113  69  -33
  -108  54  -77
  -99  52  -7
  -63  58  -65
  -92  80  -3015
  -123  40  -105
  -139  62  -18
  -123  35  -106
  -57  64  -2988
  -99  54  -84
  -103  54  -3067
  -131  73  -2694
  -136  65  -2745
  -111  62  -59
  -71  73  -2798
  -116  86  -38
  -69  77  -39
  -147  64  -3026
  -120  91  -2782
  -101  71  -2711
  -130  60  -102
  -92  67  -3039
  -104  56  -2966
  -108  81  -3049
  -125  88  -30
  -138  16  -2969
  -103  52  -2993
  -129  84  -2698
  -89  65  -3048
  -118  52  -115
  -113  45  -2701
  -109  43  -2796
  -119  59  -52
  -184  71  -2948
  -91  49  -2700
  -102  47  -3043
  -101  68  -3013
  -139  59  -3204
  -105  79  -91
  -115  83  -2789
  -128  96  -2508
  -63  64  -113
  -90  44  -6
  -134  65  -2950
  -85  51  -111
  -118  65  -80
  -107  70  -2991
  -21  70  -2790
  -83  47  -45
  -114  51  -22
  -123  48  -96
  -133  60  -92
  -136  90  -3231
  -85  71  -32
  -70  78  -30
  -74  60  -2954
  -100  79  -2741
  -171  42  -32
  -65  54  -110
  -50  54  -121
  -101  40  -96
  -56  55  -3315
  -93  41  -128
  -134  66  -15
  -76  40  -2759
  -72  49  -25
  -103  77  -101
  -120  93  -2974
  -108  119  -2441
  -77  54  -55
  -123  48  -3055
  -125  71  -5
  -130  67  -3010
  -128  72  -3041
  -101  83  -50
  -75  96  -2945
  -103  41  -3051
  -99  74  -81
  -78  10  -3273
  -87  62  -112
  -168  81  -16
  -81  61  -61
  -73  76  -3011
  -138  87  -111
  -90  64  -2552
  -86  52  -107
  -138  76  -2791
  -93  54  -95
  -184  62  -2773
  -81  37  -86
  -136  62  -108
  -62  77  -127
  -94  123  -2729
  -79  68  -88
  -99  68  -29
  -112  36  -2961
  -79  35  -53
  -76  94  -2802
  -97  81  -2991
  -69  89  -3015
  -90  99  -110
  -138  37  -2771
  -81  48  -66
  -63  67  -3066
  -130  47  -104
  -111  38  -2752
  -124  55  -2971
  -97  97  -97
  -123  78  -42
  -125  54  -10
  -112  44  -2973
  -71  84  -2769
  -145  37  -2711
  -58  77  -2736
  -102  91  -14
  -101  85  -2991
  -88  65  -93
  -71  58  -2947
  -49  78  -3071
  -76  78  -2971
  -82  88  -3057
  -101  55  -2784
  -72  76  -5
  -92  91  -88
  -124  59  -2969
  -106  61  -2753
  -60  81  -2789
  -79  83  -3203
  -138  84  -3069
  -109  75  -99
  -127  61  -3008
  -119  60  -3041
  -83  72  -60
  -94  61  -10
  -142  86  -2947
  -100  36  -3
  -87  76  -3014
  -118  50  -2952
  -172  93  -63
  -36  65  -2964
  -125  101  -11
  -94  66  -3244
  -126  45  -9
  -102  70  -2796
  -94  64  -18
  -44  95  -2693
  -71  69  -2950
  -98  42  -47
  -165  79  -2813
  -30  33  -2804
  -104  62  -3210
  -125  72  -26
  -75  92  -103
  -127  51  -40
  -123  58  -99
  -117  90  -5
  -82  69  -83
  -126  53  -2803
  -131  65  -43
  -114  76  -2999
  -164  62  -63
  -66  80  -3042
  -106  40  -2554
  -73  57  -2694
  -157  79  -2724
  -42  67  -2739
  -147  64  -56
  -133  61  -45
  -115  69  -21
  -127  48  -3070
  -62  62  -56
  -113  71  -3029
  -101  66  -2723
  -136  88  -25
  -112  85  -121
  -92  51  -127
  -131  61  -100
  -139  40  -108
  -58  54  -17
  -85  120  -107
  -145  77  -2954
  -174  88  -2791
  -115  103  -3070
  -122  45  -56
  -120  73  -2517
  -117  46  -3324
  -129  59  -2815
  -72  67  -2804
  -104  80  -128
  -142  76  -93
  -131  90  -40
  -93  50  -3012
  -142  63  -12
  -153  57  -2947
  -168  59  -73
  -133  52  -100
  -103  101  -88
  -98  96  -2543
  -122  86  -106
  -51  62  -3069
  -71  51  -7
  -91  48  -93
  -149  65  -11
  -107  93  -2816
  -90  58  -2947
  -144  71  -2968
  -88  96  -70
  -99  68  -3218
  -76  33  -86
  -108  84  -2802
  -85  100  -2790
  -113  43  -2983
  -151  63  -59
  -102  71  -54
  -75  83  -2773
  -113  46  -61
  -113  82  -33
  -142  55  -2963
  -139  46  -2788
  -98  79  -12
  -88  90  -46
  -61  116  -3295
  -35  99  -2770
  -108  70  -73
  -99  74  -3270
  -133  64  -52
  -112  37  -76
  -101  45  -86
  -67  72  -95
  -78  85  -87
  -160  90  -2774
  -82  64  -84
  -77  77  -49
  -126  38  -3027
  -149  107  -103
  -116  68  -2730
  -62  80  -107
  -46  77  -87
  -116  43  -2796
  -71  74  -2766
  -101  71  -2961
  -109  32  -67
  -108  71  -45
  -188  79  -73
  -100  75  -107
  -77  114  -123
  -88  40  -2723
  -130  41  -3046
  -176  84  -82
  -88  70  -2717
  -116  100  -2746
  -111  90  -2805
  -126  64  -2782
  -68  79  -122
  -109  100  -105
  -95  58  -2711
  -141  50  -126
  -95  95  -122
  -135  53  -2689
  -52  57  -2704
  -99  68  -2784
  -161  80  -3037
  -66  78  -2950
  -59  66  -2985
  -103  84  -71
  -136  105  -3033
  -124  87  -2956
  -105  84  -2963
  -122  59  -2745
  -114  74  -18
  -117  74  -2713
  -58  53  -4
  -113  41  -2553
  -155  49  -20
  -105  18  -2775
  -110  65  -105
  -83  82  -9
  -79  74  -87
  -111  81  -12
  -110  76  -102
  -98  50  -2985
  -119  54  -3248
  -100  43  -114
  -117  41  -2969
  -93  81  -84
  -92  102  -9
  -106  84  -33
  -78  90  -3061
  -49  67  -2468
  -120  29  -31
  -135  74  -2756
  -166  78  -51
  -146  61  -2946
  -81  89  -39
  -101  69  -103
  -124  80  -2731
  -86  41  -107
  -106  110  -35
  -104  76  -95
  -67  77  -2956
  -122  22  -2722
  -93  78  -3040
  -118  98  -93
  -101  90  -2784
  -94  49  -29
  -36  14  -2753
  -107  17  -74
  -159  45  -83
  -131  66  -127
  -112  108  -3205
  -110  79  -35
  -65  79  -2772
  -92  65  -3
  -141  66  -80
  -144  54  -89
  -74  42  -2802
  -144  100  -2959
  -113  59  -2758
  -67  79  -2761
  -134  93  -2781
  -137  57  -95
  -75  78  -127
  -91  64  -3241
  -139  70  -2966
  -125  86  -110
  -148  81  -3261
  -72  81  -2816
  -126  61  -75
  -54  42  -125
  -125  78  -2978
  -121  85  -2962
  -68  60  -2782
  -108  100  -64
  -138  52  -3002
  -70  72  -30
  -92  73  -2748
  -82  61  -2763
  -142  68  -43
  -92  70  -3002
  -158  74  -3223
  -107  78  -2748
  -83  37  -45
  -66  73  -3070
  -81  56  -2714
  -65  45  -47
  -106  80  -18
  -81  49  -65
  -67  89  -3018
  -101  71  -96
  -148  45  -69
  -122  -128  -96
  -80  69  -2974
  -140  63  -47
  -105  60  -3250
  -92  52  -56
  -97  77  -2550
  -130  37  -85
  -93  75  -2755
  -124  74  -106
  -72  60  -2815
  -134  24  -3027
  -67  63  -128
  -63  42  -83
  -132  38  -2989
  -91  102  -3063
  -94  58  -2697
  -83  81  -121
  -120  64  -95
  -83  75  -71
  -86  78  -110
  -104  112  -2774
  -128  73  -115
  -72  67  -46
  -124  70  -2994
  -136  50  -2746
  -77  77  -3026
  -122  53  -2691
  -121  46  -2522
  -94  30  -2771
  -118  40  -89
  -99  43  -72
  -100  48  -3021
  -117  36  -3005
  -95  94  -2978
  -133  74  -5
  -90  99  -2987
  -102  74  -15
  -127  52  -124
  -142  56  -61
  -92  92  -3041
  -96  66  -2784
  -134  87  -3015
  -145  106  -105
  -82  105  -3266
  -85  45  -82
  -142  43  -2751
  -61  85  -2689
  -125  87  -3045
  -104  69  -22
  -124  59  -2797
  -142  68  -2991
  -122  62  -2998
  -87  54  -3030
  -92  70  -2715
  -162  59  -3016
  -111  44  -3065
  -66  52  -3
  -138  81  -53
  -58  108  -2719
  -120  98  -2770
  -89  32  -84
  -134  56  -2787
  -103  49  -85
  -126  82  -3566
  -113  75  -2989
  -97  50  -3006
  -72  59  -2792
  -135  65  -108
  -62  52  -69
  -83  44  -2747
  -123  89  -2955
  -99  101  -2694
  -135  85  -2754
  -105  59  -3008
  -115  76  -58
  -97  38  -2807
  -92  41  -2959
  -89  56  -2956
  -68  79  -120
  -91  45  -2773
  -165  38  -24
  -137  88  -34
  -91  97  -25
  -73  72  -2729
  -123  81  -2983
  -101  66  -7
  -125  77  -17
  -95  39  -71
  -138  69  -2783
  -107  50  -122
  -82  74  -48
  -128  93  -36
  -126  66  -2739
  -105  77  -2699
  -115  71  -93
  -168  70  -52
  -140  86  -39
  -135  54  -3017
  -86  65  -52
  -88  68  -2767
  -84  63  -3041
  -162  57  -79
  -86  82  -3251
  -117  73  -104
  -109  53  -2777
  -127  69  -128
  -142  61  -3201
  -182  56  -30
  -108  73  -2954
  -139  64  -128
  -91  56  -3054
  -95  61  -80
  -76  113  -2755
  -99  74  -3003
  -138  9  -3278
  -100  80  -2969
  -102  60  -8
  -88  48  -84
  -100  67  -85
  -63  60  -3205
  -98  78  -3006
  -101  75  -2694
  -114  84  -38
  -172  72  -2752
  -106  92  -2794
  -86  54  -3030
  -159  91  -2816
  -104  118  -3054
  -62  46  -2947
  -113  88  -2750
  -60  53  -2775
  -112  45  -92
  -122  64  -81
  -122  49  -2486
  -140  75  -56
  -137  65  -3015
  -72  44  -18
  -104  80  -42
  -126  78  -122
  -102  88  -2814
  -134  88  -18
  -113  76  -57
  -114  63  -3302
  -55  56  -3264
  -95  47  -2773
  -84  59  -128
  -66  122  -2738
  -92  80  -2992
  -116  65  -48
  -65  100  -100
  -93  71  -2984
  -65  59  -50
  -90  75  -2809
  -87  101  -8
  -105  47  -79
  -102  89  -2998
  -113  69  -63
  -118  93  -104
  -101  47  -2980
  -81  106  -3043
  -74  66  -2714
  -65  61  -114
  -67  92  -119
  -64  99  -3216
  -102  92  -2759
  -157  60  -2964
  -116  23  -80
  -146  47  -3041
  -88  45  -3226
  -102  72  -3042
  -104  56  -110
  -69  73  -2717
  -101  72  -3049
  -128  28  -87
  -126  48  -2723
  -100  62  -75
  -67  66  -2800
  -112  89  -2976
  -150  72  -8
  -142  87  -2698
  -110  66  -6
  -118  62  -88
  -115  85  -115
  -94  87  -3044
  -112  90  -111
  -83  58  -2748
  -90  52  -2739
  -78  37  -2961
  -125  77  -59
  -114  78  -2791
  -47  69  -2813
  -112  68  -2778
  -102  64  -93
  -126  87  -3001
  -97  81  -2794
  -111  84  -3
  -93  64  -65
  -107  42  -2731
  -112  102  -2984
  -40  84  -79
  -128  46  -81
  -37  58  -2791
  -89  72  -125
  -152  73  -91
  -69  46  -2952
  -51  77  -2782
  -133  85  -3031
  -102  76  -27
  -89  64  -3026
  -86  46  -2805
  -119  56  -45
  -115  61  -2956
  -114  75  -27
  -130  99  -2783
  -88  96  -94
  -137  52  -3321
  -95  66  -2
  -96  58  -21
  -88  87  -3066
  -140  78  -45
  -114  74  -62
  -88  62  -2697
  -89  56  -52
  -97  72  -108
  -121  91  -2492
  -132  69  -2502
  -125  65  -107
  -93  49  -2964
  -128  70  -2971
  -87  78  -2713
  -151  65  -2764
  -100  61  -127
  -99  46  -2990
  -133  72  -44
  -118  62  -17
  -75  106  -2775
  -130  33  -44
  -60  42  -3
  -109  29  -31
  -94  48  -2975
  -144  37  -121
  -120  89  -50
  -155  73  -2972
  -105  105  -3226
  -95  88  -2998
  -115  91  -2744
  -73  59  -84
  -105  44  -2722
  -107  42  -54
  -71  115  -102
  -55  69  -2951
  -117  55  -2739
  -87  88  -122
  -133  82  -2790
  -92  66  -2707
  -74  73  -2747
  -62  88  -37
  -133  64  -127
  -96  74  -125
  -71  71  -2798
  -126  62  -75
  -129  81  -2973
  -85  57  -2730
  -83  33  -50
  -81  43  -3028
  -89  85  -3032
  -91  47  -49
  -78  78  -2550
  -122  78  -3016
  -68  73  -2711
  -152  47  -2784
  -91  -18  -27
  -47  -24  -24
  -88  78  -87
  -100  67  -113
  -149  55  -3068
  -92  82  -3036
  -96  74  -38
  -93  70  -81
  -144  58  -38
  -91  58  -97
  -42  77  -33
  -96  70  -30
  -80  58  -2783
  -89  73  -36
  -106  73  -35
  -157  66  -60
  -165  65  -2780
  -125  82  -2289
  -112  54  -2954
  -58  78  -55
  -83  37  -89
  -82  81  -2726
  -81  72  -36
  -121  69  -2967
  -137  42  -92
  -100  81  -2545
  -119  60  -13
  -111  72  -85
  -150  58  -2986
  -110  68  -97
  -103  73  -22
  -102  51  -2785
  -113  57  -35
  -140  67  -2952
  -99  100  -2795
  -120  55  -103
  -73  86  -2956
  -134  79  -79
  -117  82  -121
  -77  55  -42
  -102  29  -24
  -96  57  -49
  -88  63  -78
  -112  71  -2710
  -92  88  -84
  -65  90  -2771
  -104  88  -2550
  -128  69  -3005
  -158  68  -11
  -98  84  -69
  -123  57  -100
  -95  73  -2542
  -124  98  -2949
  -149  33  -60
  -110  67  -3024
  -59  104  -124
  -105  83  -3061
  -137  42  -126
  -79  81  -2985
  -108  82  -35
  -151  58  -47
  -133  78  -2802
  -144  80  -4
  -165  60  -115
  -59  71  -2980
  -102  88  -2953
  -138  92  -84
  -74  87  -3046
  -109  73  -52
  -95  48  -21
  -134  72  -108
  -74  77  -35
  -71  31  -2726
  -166  51  -7
  -111  41  -2958
  -151  69  -2959
  -116  100  -3256
  -34  70  -75
  -57  111  -3072
  -63  56  -56
  -154  89  -110
  -121  71  -119
  -119  30  -2522
  -118  44  -34
  -63  72  -2752
  -116  87  -53
  -105  98  -3051
  -111  94  -88
  -83  70  -13
  -115  59  -2696
  -103  61  -120
  -118  48  -93
  -114  82  -4
  -136  71  -2951
  -106  108  -21
  -138  68  -2695
  -117  60  -104
  -94  59  -3014
  -74  92  -3064
  -129  92  -2980
  -85  56  -11
  -111  65  -2953
  -82  121  -2715
  -152  71  -2967
  -107  36  -77
  -57  31  -2724
  -90  25  -78
  -64  49  -2710
  -108  102  -71
  -90  66  -3025
  -134  105  -38
  -71  67  -94
  -179  29  -2777
  -104  52  -109
  -111  44  -3032
  -108  68  -22
  -167  92  -2993
  -80  56  -46
  -134  85  -46
  -124  77  -91
  -144  72  -3061
  -101  57  -72
  -128  65  -2698
  -83  75  -2994
  -157  53  -2965
  -148  46  -14
  -135  68  -3003
  -96  59  -2786
  -129  65  -37
  -93  37  -3042
  -116  37  -53
  -70  73  -31
  -15  72  -2767
  -92  60  -52
  -178  63  -61
  -52  54  -82
  -106  60  -2998
  -111  119  -42
  -28  71  -2968
  -91  38  -2532
  -53  76  -2964
  -94  57  -2973
  -136  92  -111
  -74  70  -2702
  -91  49  -2798
  -114  54  -2794
  -151  66  -3019
  -102  77  -74
  -130  63  -3028
  -145  64  -2961
  -60  68  -2774
  -98  85  -2713
  -127  54  -2953
  -141  39  -113
  -161  80  -77
  -66  64  -3235
  -118  56  -2706
  -112  40  -3034
  -140  89  -120
  -88  71  -3023
  -117  79  -3242
  -144  74  -2971
  -96  69  -2966
  -109  87  -119
  -143  100  -55
  -72  59  -30
  -45  83  -93
  -144  85  -2991
  -90  56  -2692
  -121  86  -103
  -83  93  -62
  -109  76  -2966
  -139  88  -45
  -104  88  -81
  -161  23  -60
  -134  24  -2958
  -70  54  -92
  -99  26  -40
  -128  55  -93
  -102  41  -2972
  -119  50  -2721
  -105  69  -46
  -80  79  -2950
  -90  68  -82
  -50  81  -2763
  -121  124  -105
  -99  82  -2999
  -134  70  -3019
  -110  44  -3203
  -100  72  -118
  -116  86  -26
  -102  61  -2962
  -129  98  -88
  -140  61  -2968
  -101  80  -3
  -106  49  -2723
  -128  47  -113
  -87  58  -2765
  -88  82  -3230
  -148  67  -86
  -60  71  -51
  -80  28  -103
  -84  65  -2798
  -124  52  -105
  -130  70  -2810
  -83  88  -80
  -126  57  -38
  -132  91  -2766
  -90  61  -2757
  -129  64  -2738
  -96  25  -2476
  -102  68  -2809
  -98  66  -33
  -96  74  -2963
  -106  95  -2981
  -101  54  -35
  -67  68  -2955
  -64  56  -100
  -73  47  -96
  -49  64  -2978
  -153  84  -12
  -101  83  -127
  -67  56  -3029
  -110  97  -2744
  -128  68  -2984
  -85  90  -3005
  -87  78  -2960
  -117  48  -102
  -83  57  -2752
  -88  108  -3202
  -74  92  -3008
  -150  74  -2741
  -146  68  -3010
  -115  67  -70
  -160  41  -12
  -110  68  -2716
  -98  62  -2952
  -99  64  -39
  -143  67  -3
  -92  80  -61
  -93  55  -2736
  -78  95  -2767
  -115  69  -84
  -114  60  -2763
  -137  65  -2772
  -97  83  -39
  -98  62  -41
  -103  62  -2996
  -107  61  -2959
  -136  51  -59
  -105  79  -2750
  -76  85  -2988
  -142  71  -43
  -126  63  -3272
  -57  68  -71
  -114  95  -2789
  -110  58  -110
  -73  57  -113
  -101  52  -2717
  -117  36  -10
  -81  84  -2801
  -60  77  -2779
  -124  67  -52
  -103  55  -114
  -87  40  -87
  -88  88  -2954
  -135  62  -42
  -147  69  -19
  -100  85  -2981
  -80  70  -24
  -100  77  -2781
  -93  78  -2814
  -88  80  -110
  -89  84  -2786
  -106  61  -77
  -83  106  -2813
  -65  86  -3218
  -153  69  -90
  -145  56  -117
  -39  37  -2800
  19  67  -2809
  -64  79  -77
  -98  45  -116
  -118  37  -3045
  -155  28  -87
  -96  30  -2796
  -95  79  -110
  -91  54  -3286
  -144  91  -80
  -104  89  -114
  -76  69  -78
  -187  75  -19
  -111  32  -2959
  -63  39  -64
  -111  69  -3307
  -119  89  -2725
  -117  87  -108
  -95  124  -51
  -116  64  -2
  -95  49  -8
  -93  79  -3009
  -155  62  -40
  -111  65  -102
  -99  78  -3301
  -109  91  -2740
  -132  32  -2703
  -98  39  -2957
  -134  47  -2962
  -104  37  -126
  -95  57  -47
  -114  78  -2690
  -107  85  -41
  -130  67  -3310
  -125  98  -73
  -117  57  -114
  -45  63  -16
  -75  59  -3050
  -121  17  -3222
  -135  86  -101
  -90  82  -77
  -96  76  -54
  -144  94  -2949
  -124  72  -2804
  -117  58  -2530
  -68  60  -2799
  -93  27  -2960
  -105  86  -2950
  -90  68  -2499
  -97  100  -73
  -144  55  -103
  -106  101  -114
  -74  70  -99
  -74  74  -52
  -76  44  -2810
  -110  68  -2494
  -82  54  -2995
  -119  120  -48
  -102  39  -28
  -116  67  -3028
  -141  50  -2752
  -81  75  -2732
  -30  57  -33
  -127  79  -80
  -88  70  -2971
  -168  38  -81
  -120  74  -60
  -52  51  -2774
  -128  69  -119
  -156  61  -2730
  -74  60  -66
  -118  61  -94
  -125  58  -23
  -91  58  -118
  -123  79  -107
  -154  68  -103
  -126  50  -82
  -48  41  -2793
  -79  75  -2753
  -52  65  -2758
  -50  80  -15
  -99  90  -23
  -99  42  -2771
  -129  68  -3057
  -146  77  -3070
  -152  47  -3060
  -153  61  -114
  -93  48  -46
  -55  66  -106
  -124  58  -3025
  -149  52  -3040
  -105  73  -41
  -89  105  -2531
  -53  42  -2522
  -151  83  -2809
  -122  94  -2960
  -103  55  -2806
  -82  50  -25
  -111  35  -33
  -121  85  -67
  -99  70  -66
  -77  124  -3225
  -144  77  -101
  -86  84  -3001
  -71  70  -113
  -99  57  -2958
  -101  64  -113
  -126  48  -3266
  -110  14  -6
  -80  81  -66
  -84  63  -2800
  -148  73  -2457
  -117  78  -79
  -121  65  -37
  -55  85  -115
  -86  86  -2960
  -67  88  -7
  -107  47  -40
  -101  73  -73
  -98  54  -3048
  -75  50  -82
  -89  60  -2772
  -77  121  -111
  -154  95  -3026
  -85  52  -3070
  -79  51  -2
  -102  69  -42
  -79  57  -110
  -103  69  -2980
  -113  85  -11
  -109  74  -121
  -40  74  -68
  -118  36  -3008
  -70  31  -70
  -80  58  -28
  -152  54  -3025
  -113  73  -61
  -121  42  -42
  -49  91  -2745
  -105  124  -2729
  -129  38  -2803
  -85  41  -2992
  -112  28  -70
  -105  15  -2973
  -94  83  -3260
  -82  88  -29
  -78  76  -2738
  -119  111  -35
  -92  75  -113
  -111  43  -34
  -97  56  -42
  -135  52  -2723
  -102  68  -7
  -114  62  -24
  -151  79  -37
  -74  77  -3034
  -144  59  -2737
  -88  72  -2549
  -112  79  -35
  -96  33  -107
  -131  89  -2962
  -114  51  -2747
  -131  74  -2801
  -55  70  -28
  -107  52  -3057
  -113  57  -2945
  -104  61  -2705
  -104  79  -2967
  -63  71  -2802
  -95  57  -113
  -93  78  -42
  -95  87  -2801
  -83  57  -102
  -130  69  -9
  -116  73  -2949
  -64  117  -128
  -83  69  -69
  -71  39  -62
  -128  98  -2
  -81  97  -2993
  -110  62  -106
  -102  55  -2731
  -111  74  -2948
  -87  56  -126
  -71  51  -3028
  -122  44  -2745
  -70  61  -3261
  -77  101  -22
  -65  93  -3308
  -115  55  -93
  -130  67  -22
  -105  73  -2531
  -118  73  -64
  -119  73  -2728
  -116  53  -3002
  -75  46  -115
  -65  51  -2783
  -92  75  -90
  -121  71  -2806
  -95  100  -95
  -63  40  -23
  -108  80  -2972
  -127  86  -3035
  -98  84  -2756
  -78  95  -118
  -87  87  -3052
  -85  62  -2693
  -51  59  -46
  -84  63  -2977
  -83  36  -105
  -99  79  -2744
  -111  41  -5
  -101  49  -53
  -107  59  -2747
  -109  81  -2772
  -142  11  -2702
  -98  83  -46
  -111  88  -2755
  -121  65  -40
  -135  92  -3068
  -135  72  -2761
  -82  86  -3022
  -107  42  -3001
  -132  70  -2975
  -76  55  -2759
  -107  52  -3202
  -132  84  -2979
  -149  78  -42
  -109  58  -101
  -57  78  -44
  -18  63  -93
  -82  33  -3018
  -72  48  -5
  -152  58  -2802
  -102  52  -3056
  -142  76  -62
  -74  47  -2698
  -103  52  -3
  -71  120  -3048
  -104  34  -2759
  -140  71  -61
  -114  90  -112
  -153  55  -51
  -91  106  -3058
  -134  87  -1
  -103  72  -55
  -61  41  -2700
  -72  24  -20
  -161  27  -119
  -94  46  -2690
  -87  97  -3228
  -127  81  -114
  -103  85  -48
  -118  91  -3034
  -105  87  -113
  -125  45  -2971
  -153  49  -24
  -72  58  -19
  -125  72  -2785
  -87  79  -59
  -125  68  -115
  -109  51  -7
  -101  74  -2779
  -58  78  -9
  -167  53  -80
  -144  68  -17
  -98  77  -2765
  -98  69  -78
  -155  84  -3251
  -85  33  -2801
  -120  81  -87
  -58  34  -87
  -151  68  -2991
  -88  72  -113
  -140  98  -2741
  -112  71  -121
  -60  74  -2693
  -107  32  -107
  -136  55  -2782
  -91  48  -103
  -112  35  -63
  -116  80  -115
  -110  60  -2725
  -132  87  -126
  -123  80  -2814
  -148  41  -2743
  -133  49  -17
  -107  71  -107
  -122  68  -2998
  -42  87  -2717
  -85  55  -60
  -169  77  -2737
  -68  76  -2781
  -123  50  -3072
  -92  75  -111
  -134  63  -3062
  -144  88  -2960
  -124  87  -2770
  -75  97  -75
  -152  29  -118
  -90  100  -2515
  -110  46  -2947
  -130  81  -25
  -102  61  -2766
  -114  102  -2465
  -84  78  -2766
  -75  78  -3066
  -135  56  -2794
  -120  60  -93
  -137  85  -41
  -124  76  -59
  -56  63  -3040
  -65  110  -123
  -92  109  -3067
  -74  76  -3
  -106  67  -3071
  -80  95  -2963
  -36  75  -2814
  -105  52  -3036
  -65  34  -31
  -104  57  -2704
  -131  30  -41
  -48  36  -37
  -189  51  -72
  -131  101  -4
  -144  62  -2812
  -63  108  -68
  -114  68  -2295
  -126  23  -2758
  -137  33  -98
  -82  58  -87
  -84  77  -2953
  -75  90  -106
  -89  93  -28
  -104  75  -28
  -145  64  -2757
  -98  52  -16
  -84  53  -2767
  -122  69  -3064
  -63  51  -15
  -66  86  -2975
  -99  116  -2503
  -28  93  -3036
  -80  79  -3018
  -72  72  -90
  -121  53  -2711
  -149  61  -115
  -87  86  -2997
  -79  66  -3009
  -70  79  -27
  -175  94  -126
  -95  30  -2982
  -111  53  -78
  -122  33  -2787
  -147  68  -112
  -146  119  -110
  -108  91  -3057
  -71  95  -93
  -70  41  -2976
  -98  70  -78
  -115  40  -67
  -116  73  -2985
  -84  40  -3046
  -88  63  -2962
  -104  50  -75
  -121  62  -106
  -130  59  -2982
  -75  52  -75
  -111  42  -1
  -61  73  -2692
  -115  50  -94
  -94  65  -23
  -92  57  -49
  -70  62  -2778
  -62  58  -56
  -101  49  -23
  -102  58  -83
  -84  66  -3264
  -90  72  -2711
  -127  42  -45
  -105  64  -2721
  -137  84  -3044
  -87  51  -75
  -123  90  -9
  -98  71  -3021
  -83  73  -126
  -98  78  -68
  -111  24  -2728
  -102  67  -51
  -89  71  -72
  -57  75  -36
  -94  49  -3201
  -149  84  -83
  -97  55  -2740
  -61  63  -2812
  -57  75  -3038
  -96  45  -77
  -103  46  -108
  -111  72  -46
  -131  83  -73
  -151  83  -113
  -87  68  -3028
  -111  76  -114
  -111  80  -50
  -142  35  -105
  -128  44  -39
  -96  81  -2490
  -157  65  -2960
  -144  67  -2976
  -96  79  -2996
  -62  49  -3072
  -86  76  -2809
  -119  76  -64
  -123  84  -2765
  -119  32  -2986
  -138  68  -3251
  -81  90  -10
  -104  82  -44
  -107  108  -125
  -29  62  -2794
