  -51  81  -95
  -68  62  -197
  -64  98  -5
  -64  103  -40
  2823  84  -67
  -15  87  -31
  -109  72  -77
  -39  54  -97
  -23  58  -61
  -63  63  325
  -27  53  -76
  -62  56  -16
  -3  97  58
  -35  96  -41
  -45  73  297
  -63  70  -72
  -49  85  -47
  -84  73  49
  -62  54  542
  -86  99  -92
  -60  75  -41
  -7  84  -5
  -92  109  -96
  -4  75  -121
  -71  62  -35
  -31  88  -39
  -65  66  -1
  -86  94  -22
  -51  102  256
  -59  80  53
  -64  70  91
  -38  60  26
  -54  51  -38
  -46  64  -8
  -100  91  56
  -29  89  -151
  -69  71  80
  -52  84  -60
  -11  82  -171
  -47  68  -107
  -73  70  117
  2817  89  -166
  -93  98  5
  -81  97  -208
  -35  52  -110
  2816  -126  77
  2825  -123  74
  -46  97  -76
  -43  42  344
  2825  47  -24
  -36  75  92
  -35  89  370
  -81  31  -103
  -76  94  -29
  2833  91  -12
  -43  76  370
  -53  74  127
  -2  78  -26
  -106  81  4
  -95  73  -41
  -57  85  -45
  -78  72  110
  -63  49  -21
  -59  54  -31
  -52  79  -27
  -71  53  37
  -21  69  62
  -50  55  76
  -34  72  263
  -40  77  -14
  -27  103  -59
  -58  77  -82
  -42  50  95
  -56  75  -47
  -65  98  -81
  -39  57  112
  -37  67  -124
  -94  53  -68
  2836  75  -27
  -30  93  -97
  -62  81  -30
  -33  69  -35
  -58  86  -54
  -14  96  -10
  -73  64  371
  -42  53  -12
  -33  49  -70
  -51  85  305
  -40  71  281
  -60  95  306
  -94  64  -77
  -53  92  271
  -53  84  3
  -101  85  310
  -52  54  38
  -33  64  -12
  -53  84  84
  -77  71  95
  -68  70  -226
  -59  88  -55
  -38  97  -97
  -50  72  84
  -36  49  -72
  -33  49  -36
  -36  92  13
  -47  72  58
  -32  82  99
  2823  79  -150
  -83  52  -236
  -64  72  41
  -27  88  275
  -68  82  -98
  -58  92  -43
  -40  83  -31
  -82  74  103
  -56  67  -1
  -88  84  -30
  -68  70  15
  -74  75  -47
  -52  66  -80
  -41  -127  355
  -109  43  -86
  -61  74  364
  -93  60  -1
  -85  84  -23
  -5  75  -123
  -55  78  36
  -53  62  -113
  -82  95  266
  -70  99  -4
  -41  80  -12
  -52  94  346
  -107  99  -217
  -54  59  -19
  -42  82  -86
  -40  55  318
  -47  92  -26
  -88  97  -93
  -1  80  -441
  -41  82  523
  2821  75  119
  -28  105  79
  -24  67  -229
  -47  64  63
  -37  104  56
  -56  55  65
  -73  125  286
  2827  79  6
  -14  55  -126
  -75  79  286
  -60  82  -87
  -74  80  51
  -16  86  -105
  -68  42  331
  -76  82  82
  -63  60  -46
  -8  70  -8
  -63  49  340
  -71  81  -63
  -30  122  -239
  -61  45  -112
  -103  79  -62
  -31  107  121
  -32  59  36
  -58  62  67
  -51  81  20
  -71  98  -71
  -47  74  41
  -44  72  10
  -58  117  -61
  -55  61  -197
  2846  91  -159
  -33  52  118
  -57  62  14
  -35  124  -92
  -45  74  127
  -41  76  28
  -58  57  -72
  -27  92  -11
  -46  86  101
  -33  82  -102
  -104  96  -97
  -18  80  -205
  -60  87  -36
  -68  96  64
  -88  80  -132
  -36  99  269
  -75  43  123
  -53  71  -7
  -81  39  18
  -77  109  -7
  -99  76  372
  -62  42  -14
  -36  61  -84
  -59  109  57
  -43  75  341
  -75  75  -2
  -45  87  -8
  -39  72  65
  -45  81  338
  -62  97  81
  -16  105  4
  -54  95  -22
  -37  58  -9
  -48  51  -138
  2816  65  41
  -45  60  71
  -56  100  -100
  2837  71  -18
  -64  74  -115
  -44  80  -93
  -60  23  263
  -43  60  65
  -52  86  -65
  -25  59  -86
  -69  94  -69
  -59  75  100
  -92  63  -94
  -64  86  266
  -54  78  321
  -65  73  -75
  -41  56  -47
  -45  53  -123
  -104  94  64
  -19  67  -28
  -98  112  315
  -17  116  99
  -71  92  332
  -74  47  -10
  -80  61  -57
  -44  79  -25
  -3  85  -3
  -20  65  -81
  -22  -126  -102
  -63  74  -14
  -63  102  258
  -29  93  -113
  -62  78  -116
  -55  95  35
  -58  60  -75
  -76  89  -12
  -55  78  -107
  -1  89  346
  -57  78  -101
  -26  90  -139
  -49  39  -74
  -75  64  -103
  -45  90  -51
  -77  86  -15
  -65  75  -96
  -62  106  63
  -40  110  -11
  -83  72  -42
  -4  87  271
  -24  43  -3
  -107  51  -95
  -20  89  -56
  -45  86  54
  -21  56  -94
  -43  79  271
  -42  84  569
  -41  57  -31
  -55  56  274
  -41  56  -56
  -89  75  -4
  -79  57  259
  -55  67  -215
  -46  49  -72
  -58  77  72
  -74  88  603
  -58  59  -205
  -65  88  35
  -53  -105  -90
  -59  97  -102
  -99  71  -78
  -54  24  68
  -44  58  68
  -16  99  86
  -86  -120  -104
  -20  74  365
  2827  55  300
  -44  109  -95
  -42  89  108
  -40  73  276
  -27  41  -124
  -44  80  282
  -86  91  -12
  -50  86  -182
  2823  87  97
  -34  46  -49
  -26  42  62
  -58  101  -132
  -16  62  -123
  -29  88  -2
  -29  52  -47
  -5  45  -138
  -45  80  275
  -16  100  311
  -59  71  13
  -60  99  -93
  -56  85  367
  -22  68  -5
  -69  72  -122
  -59  90  84
  -107  80  -38
  -51  95  -65
  -33  75  -19
  -56  80  69
  -39  103  -66
  -56  53  -125
  -34  58  -122
  -48  66  -113
  -25  66  -124
  -80  63  1
  -45  96  280
  -55  54  -111
  -48  86  -31
  -95  103  -71
  -99  78  263
  -20  55  267
  2849  46  58
  -25  80  -31
  -44  86  11
  -120  65  -121
  -77  75  92
  -44  102  -99
  -93  81  -129
  -69  111  -121
  -66  87  -122
  -36  58  115
  -56  56  -449
  -89  84  265
  -103  107  773
  -74  101  111
  -56  76  -28
  -64  86  -62
  -43  61  84
  -7  60  -39
  -35  77  -67
  -86  105  358
  -60  74  -60
  -39  81  75
  -54  97  -82
  -77  101  -36
  -46  97  55
  -83  56  -17
  -55  61  -50
  -113  67  76
  -98  111  -221
  -66  117  -71
  -20  88  -65
  -41  55  -100
  2823  60  -10
  -68  94  372
  -65  96  -121
  2826  83  346
  -42  83  99
  -89  71  -148
  -8  35  -114
  -73  66  294
  -18  52  -46
  -56  61  -117
  -58  92  -3
  -25  64  -116
  -108  54  110
  -51  55  23
  -66  111  -90
  2829  74  109
  -19  79  -117
  -51  102  -25
  -20  79  91
  -36  85  -5
  -49  76  -10
  -78  87  261
  -50  67  -71
  -46  86  -11
  -59  73  -41
  -25  82  99
  -19  81  295
  -49  70  583
  -49  106  -27
  -83  89  -91
  -73  94  14
  -62  54  -138
  -50  123  -225
  -67  123  -119
  -74  98  258
  -23  44  85
  -49  33  38
  -42  105  -83
  -6  103  -54
  2846  62  -202
  -47  80  -120
  -54  98  -86
  -79  76  -213
  -53  59  51
  -30  87  16
  -26  47  8
  -51  60  58
  -36  105  354
  -15  110  113
  -59  75  -10
  -36  62  -123
  -64  109  326
  -32  74  -39
  -22  74  -106
  -8  64  307
  -39  111  -113
  -47  79  -79
  -59  86  -226
  -66  79  66
  -21  64  301
  -39  96  560
  -37  88  -95
  -68  80  -445
  -63  67  -79
  -55  86  36
  -105  69  51
  -19  57  314
  -38  73  -56
  -66  81  256
  -24  73  119
  -66  95  112
  -62  98  342
  -19  93  352
  -70  70  67
  -17  71  21
  -68  71  53
  -87  78  116
  -43  70  100
  -50  70  284
  -63  48  293
  -88  73  -112
  -97  77  -39
  -108  93  374
  -29  74  127
  -30  117  103
  -63  64  258
  -74  52  118
  -43  85  -177
  -27  91  27
  -80  84  -219
  -74  67  -93
  -59  82  -220
  -83  106  -86
  -95  75  -163
  -31  71  116
  -37  56  83
  -31  46  27
  -57  25  -25
  -45  99  -33
  -105  71  -117
  -37  85  -61
  -84  63  94
  -37  106  -124
  -28  111  -58
  -101  98  -2
  -84  97  104
  -46  67  -61
  -86  103  -243
  -17  79  -114
  -42  65  84
  -52  85  -113
  -49  78  75
  -19  60  -16
  -79  85  124
  -48  70  12
  -50  46  111
  -20  74  20
  -40  91  329
  -42  89  -32
  -7  107  -105
  -20  108  -35
  -41  95  -165
  -57  63  -97
  -9  73  -84
  -87  52  -83
  -27  94  -133
  -93  90  -244
  -49  49  67
  -32  92  -171
  -33  58  -69
  -39  85  -47
  -39  81  44
  -49  85  322
  -44  77  -180
  -57  66  365
  -17  86  -26
  -36  82  126
  -58  82  103
  -24  67  30
  -64  111  -75
  -44  100  19
  -77  80  23
  -56  80  119
  -47  106  -48
  -73  82  343
  -44  99  -6
  -97  75  -17
  -47  62  258
  -58  56  -70
  -29  72  -110
  -43  104  111
  -78  69  -15
  2827  92  -48
  -47  88  51
  -17  91  111
  -18  68  257
  -39  87  -172
  -44  74  -8
  -60  80  -39
  -46  88  -125
  -102  66  -23
  -99  51  284
  -91  79  -223
  -19  82  -32
  -36  68  8
  -76  61  -80
  -56  102  -76
  -29  73  371
  -52  101  279
  -27  99  -26
  -89  85  30
  -50  79  29
  -7  72  -67
  -9  75  -22
  -60  64  98
  -28  62  -254
  -23  80  -25
  2830  116  -123
  -96  105  -2
  -31  106  -204
  -95  81  107
  -66  85  256
  -58  68  -90
  -55  98  -98
  -69  85  -54
  -60  64  -128
  -58  77  -108
  -92  71  -94
  -32  87  364
  -43  63  112
  -59  70  -114
  -65  103  -63
  -76  101  -250
  -54  79  284
  -82  56  -57
  -28  84  102
  -46  112  35
  -51  88  -39
  -108  86  116
  -29  77  121
  -54  70  257
  -65  104  94
  -6  114  -119
  -51  93  44
  -42  34  -163
  -44  59  359
  -2  79  -53
  -67  71  83
  -74  66  109
  -30  63  -245
  -19  90  -81
  -14  111  -201
  2819  68  -122
  -45  80  -78
  -38  48  91
  -63  65  -116
  -101  110  -195
  -71  88  -43
  -68  123  -113
  -23  61  -98
  -83  82  -71
  -88  80  -39
  -58  114  -33
  -58  74  -10
  -73  67  -163
  -8  122  -80
  -60  75  -122
  -69  48  -112
  -50  60  127
  -75  56  -64
  -72  77  17
  2830  75  -28
  -92  100  70
  2827  65  -187
  -64  72  301
  -20  94  24
  -52  63  -159
  -72  74  -95
  -54  79  -85
  -22  111  -8
  -43  72  77
  -37  84  -124
  -22  94  115
  -80  43  -14
  -54  68  -124
  -26  114  -42
  -46  110  16
  -50  98  282
  -78  74  -234
  2851  106  292
  -24  37  17
  -7  80  -103
  -19  74  279
  -70  83  538
  -60  112  -51
  -51  67  -79
  -13  111  8
  -107  69  -106
  -17  114  -5
  -70  30  -4
  -79  53  -46
  -66  87  28
  -2  95  -76
  -32  64  28
  -38  84  -43
  -34  75  53
  -26  33  12
  -34  117  -112
  -17  48  -85
  -36  79  -96
  -31  90  -74
  -79  114  -60
  -20  99  77
  -19  71  265
  -28  72  -43
  2823  79  -118
  -12  54  363
  -64  68  -31
  -55  69  -58
  -45  60  -73
  -29  75  -502
  -5  70  86
  -99  67  -41
  -87  98  291
  -59  63  -97
  -43  107  111
  -27  120  -100
  -48  68  -146
  -4  65  51
  -22  66  -92
  -81  46  269
  -45  68  -108
  -55  73  53
  -4  41  -188
  -58  76  56
  -11  82  -99
  -34  66  -86
  -28  73  282
  -51  84  275
  -90  69  335
  -27  63  33
  -48  73  -14
  -10  81  -20
  -70  83  -68
  -55  78  -19
  -81  60  -7
  -63  65  124
  -61  66  -160
  -70  82  -15
  -35  35  -138
  -68  54  -50
  -14  57  -69
  -55  72  -11
  -95  76  72
  -17  98  -196
  -51  89  379
  -51  84  -29
  -124  58  370
  -44  71  -231
  -42  67  -24
  -68  58  -82
  -20  72  49
  -55  74  -51
  -36  93  360
  -121  105  -7
  -73  37  -7
  -61  86  80
  -107  81  -97
  -93  111  -103
  -44  78  -122
  -70  70  21
  -77  84  -27
  -37  75  -54
  -100  64  27
  -14  100  -46
  -77  88  -174
  -47  88  -201
  -46  68  -157
  -24  58  86
  -7  87  -77
  -33  99  119
  -34  91  -93
  -30  78  11
  -47  89  -7
  -94  88  269
  -102  62  54
  -56  100  -12
  -32  81  31
  -96  107  -68
  -69  108  595
  -11  60  126
  2821  82  -25
  -61  53  -128
  -80  86  -4
  -31  104  -33
  -85  100  82
  -98  64  -1
  -64  64  -8
  -53  48  -161
  -62  106  -163
  -36  90  95
  -108  36  52
  -43  78  -87
  -62  91  16
  -66  76  64
  -46  33  -73
  -36  46  -67
  -38  70  -110
  -74  117  17
  -49  92  -173
  -34  120  293
  -15  33  -107
  -39  17  -31
  -6  114  -254
  -82  108  100
  -34  96  111
  -33  72  -15
  -47  91  -29
  -33  63  -74
  -68  78  71
  -8  58  -114
  -65  62  371
  -35  88  -118
  -34  85  89
  -57  71  -21
  -23  75  -93
  -68  57  -158
  -57  76  -125
  -67  57  -17
  -66  53  339
  -36  57  -59
  -60  84  23
  -12  79  26
  -72  78  87
  -66  56  -87
  -84  59  111
  -62  60  -165
  -35  45  4
  -82  84  -140
  -47  37  125
  -64  50  -98
  -80  108  -15
  -47  99  -33
  -65  63  -96
  2818  57  -73
  -83  87  95
  -42  62  -52
  2686  60  -62
  -123  70  -51
  -31  85  107
  -76  74  8
  -68  80  -100
  -60  106  308
  2824  64  118
  -56  63  -124
  -53  40  114
  -80  61  -108
  -33  70  812
  -74  81  -61
  -55  68  -85
  2673  41  -71
  -30  41  -3
  -73  59  297
  -43  85  -239
  -50  96  -121
  -77  56  14
  -89  68  -53
  -45  75  -110
  -106  125  75
  -25  46  350
  -84  82  262
  -96  49  -98
  -78  63  -159
  -43  92  -388
  -57  106  68
  -61  65  -69
  -73  79  -114
  -85  56  -100
  -31  86  97
  -98  60  -25
  -49  92  -126
  -78  76  -2
  -36  104  -71
  -72  61  337
  -31  71  -57
  -10  95  -4
  -59  69  84
  -19  90  -50
  -47  108  -126
  -55  43  -115
  -83  96  -130
  -87  61  -59
  -67  65  529
  -57  79  -163
  -6  62  8
  -121  83  42
  -12  77  -79
  -58  85  -113
  -49  88  101
  -79  59  -127
  -13  62  335
  -57  93  -56
  -65  80  -80
  -33  85  55
  -55  81  95
  -42  83  72
  2831  86  -17
  -16  113  41
  -36  47  35
  -27  92  -1
  -47  67  84
  -69  68  -180
  -32  63  90
  -40  50  13
  -86  104  -127
  -34  84  -57
  -76  99  -72
  -70  77  -210
  -39  80  -32
  -62  38  74
  -22  -122  -121
  -15  121  -32
  -54  89  291
  -83  27  313
  -54  74  67
  -59  107  -123
  -52  75  71
  -48  81  -102
  -48  96  -118
  -77  22  -71
  -76  46  -78
  -97  66  -31
  -26  68  -54
  -66  65  -155
  -94  83  292
  -23  85  85
  -25  97  316
  -35  58  -54
  -46  55  61
  2821  65  -22
  -36  74  123
  -52  67  344
  -34  68  -89
  -65  89  -77
  -22  86  6
  -82  93  -44
  -72  68  -123
  -62  94  -251
  -7  56  369
  -104  75  -59
  -59  77  -113
  -85  83  -15
  -7  81  -100
  -73  84  118
  -14  105  71
  -28  92  298
  -96  93  296
  -50  53  275
  -54  90  70
  -44  70  -28
  -82  86  317
  -90  77  123
  -111  115  77
  -42  70  -175
  -77  86  -32
  -20  58  -58
  -49  49  65
  -59  81  -3
  -51  59  -21
  -41  82  -94
  -76  72  -18
  -81  63  -71
  2820  83  -59
  -112  83  273
  -83  82  288
  -12  78  269
  -63  97  -202
  -101  57  -107
  -63  48  -40
  -102  57  91
  -51  61  340
  -10  66  322
  -121  71  -6
  -23  86  -1
  -91  93  10
  -69  74  308
  -41  51  -105
  -46  64  -56
  -42  109  -118
  -103  71  -102
  -70  67  -144
  -43  79  -160
  -36  100  54
  2825  94  338
  -81  67  -30
  -58  92  -248
  -94  45  -43
  -56  49  94
  -53  98  -32
  -61  63  261
  -74  70  -31
  -87  24  -125
  -67  83  367
  -87  93  -75
  -80  58  -33
  -37  83  -29
  -12  65  315
  -55  72  295
  -81  101  19
  -32  70  -70
  -87  68  -74
  -65  67  30
  -45  97  30
  -74  65  -57
  -35  77  21
  -33  87  -88
  -55  62  324
  -36  81  117
  -70  58  25
  -26  79  -96
  -41  76  64
  -50  96  -186
  -75  52  42
  -77  73  -52
  -46  120  -111
  -33  68  121
  -58  87  -20
  -63  73  -163
  -77  75  114
  -68  75  109
  -66  70  -192
  -51  70  -44
  -41  105  -39
  -41  -122  -35
  -16  87  107
  -18  38  8
  -11  62  43
  -46  95  107
  -81  91  -78
  -33  115  -43
  -36  93  116
  -15  107  -105
  -62  61  -85
  -70  79  -163
  -44  45  -5
  -19  65  -118
  -41  65  -137
  -61  95  -254
  2827  85  69
  -40  56  82
  -16  67  60
  -21  70  -73
  -98  87  -42
  -50  84  -113
  -90  72  380
  -35  98  280
  -60  58  -155
  -59  97  64
  2818  84  -77
  -43  91  -107
  2844  89  -115
  -78  75  -15
  -19  68  92
  2830  95  -67
  -48  63  74
  -57  65  -59
  -22  84  34
  -55  70  546
  -33  52  88
  -61  63  -28
  -24  71  -68
  -26  82  -65
  -66  117  -414
  -78  65  110
  -55  67  564
  -111  60  11
  -57  88  -93
  -84  88  -67
  -69  63  8
  -74  33  -65
  2817  57  106
  -57  82  -15
  -124  80  -432
  -98  64  -133
  -116  90  -116
  -100  73  6
  -46  69  -54
  -70  60  -118
  -76  70  69
  -64  86  -46
  -27  98  -29
  -68  110  -121
  2686  31  27
  -37  67  -241
  -45  77  -126
  2828  77  -256
  -93  88  -12
  -91  58  15
  -65  80  -77
  -56  -109  -92
  -101  96  105
  -53  77  73
  -86  85  84
  -46  91  -31
  -96  70  26
  -30  70  107
  -32  74  75
  -80  67  363
  -31  89  -114
  -58  92  -8
  -38  74  -79
  -78  67  -36
  -87  85  -5
  -52  69  -38
  -64  76  103
  -59  60  548
  -62  32  -34
  -24  59  -50
  -57  91  -69
  -47  109  -125
  -42  43  352
  -73  79  -37
  2842  80  -47
  -92  84  56
  -38  57  -140
  -45  80  -210
  -73  70  -91
  -27  97  -78
  -79  84  -100
  -40  60  -19
  -14  67  -251
  -13  91  -28
  2825  62  -124
  -55  61  54
  -20  95  -115
  -100  87  -86
  -60  83  54
  -1  74  -4
  -81  74  -111
  -35  101  -207
  -71  119  122
  -81  109  288
  -35  90  70
  -78  20  -76
  -56  67  127
  -61  81  318
  2820  82  112
  -14  94  -54
  -63  65  70
  -7  119  302
  -78  95  -83
  2826  28  60
  -61  65  47
  -15  83  124
  -38  -103  105
  -64  91  -98
  -4  67  89
  -49  64  46
  -74  91  -101
  -85  107  -100
  -46  50  256
  2819  75  75
  -46  87  -86
  -52  100  305
  -32  116  -87
  -92  72  -43
  -50  87  -104
  -64  64  -67
  -38  57  -47
  -93  97  35
  -88  56  -22
  -17  80  256
  -17  83  -18
  -61  107  -43
  -91  61  -255
  2816  93  116
  -68  49  11
  -60  75  -66
  -61  52  83
  -45  84  -145
  -13  78  -41
  -18  79  116
  -33  67  -403
  -51  66  88
  -97  101  -38
  -41  92  -160
  -49  63  -213
  -12  91  328
  -66  57  -77
  -53  46  36
  -26  73  -45
  -69  67  -103
  -75  62  330
  -102  72  322
  -24  125  -91
  -10  68  98
  -91  83  321
  -63  89  -112
  -85  76  13
  -71  58  -94
  -42  85  -63
  -65  85  -78
  -112  115  -78
  -24  112  261
  -66  117  -12
  -51  46  -29
  -1  78  69
  -43  67  20
  -56  62  111
  -97  47  -85
  -72  87  -199
  -55  81  33
  -47  79  -132
  -60  52  -75
  -85  90  -124
  -61  70  105
  -50  57  -64
  -70  82  381
  -43  55  -38
  -45  62  -65
  -9  71  -24
  -18  79  371
  -36  79  57
  -75  86  39
  -9  66  -129
  -84  65  -22
  -2  110  -97
  -47  95  -123
  -79  60  -77
  -67  83  -410
  -41  98  -135
  -103  86  -70
  -6  60  -2
  -56  46  306
  2817  62  54
  -105  96  -44
  -33  77  -71
  -46  81  -74
  -86  91  -126
  -51  92  45
  -18  72  -78
  -42  75  -69
  -63  74  -9
  -34  89  -59
  -86  63  -93
  -69  102  312
  -63  85  72
  -51  124  -26
  -28  14  -31
  -91  13  -117
  -45  55  265
  -39  112  -2
  -40  93  40
  -65  47  69
  -13  84  -27
  -62  81  -80
  -31  59  -14
  -31  28  109
  -20  73  -119
  -119  103  39
  -28  102  347
  -23  91  -72
  -58  57  -162
  -20  69  -30
  -84  61  100
  2837  60  16
  -54  79  -45
  -96  78  -71
  -57  81  -51
  2825  65  93
  -111  60  -41
  -101  92  282
  -36  62  -1
  -60  70  288
  -114  81  335
  -53  45  -47
  -54  79  103
  -57  87  -39
  -73  100  522
  -23  94  -20
  -64  59  -66
  -20  68  -64
  2818  51  -42
  -79  81  122
  -79  80  11
  -76  111  -116
  -72  74  -236
  -36  48  42
  -59  56  59
  -75  102  -116
  -40  74  -54
  -110  47  26
  -40  80  59
  -93  87  87
  -22  68  -24
  -71  73  275
  -104  80  104
  -54  78  -65
  -65  63  -127
  -87  32  346
  -45  83  -185
  -93  83  -54
  -80  78  -38
  -61  50  98
  -72  71  -26
  -76  80  -185
  -69  97  75
  -82  73  -71
  -68  74  36
  -79  98  -69
  -32  79  -78
  -61  55  297
  -15  39  -80
  -67  93  -62
  -49  89  -196
  -29  82  -96
  -81  94  306
  -111  101  -6
  -7  75  -141
  -80  112  -34
  -128  86  -21
  -53  78  -20
  -62  90  -60
  -66  68  -63
  2821  117  -158
  -64  83  -21
  -101  92  -97
  -102  111  -178
  -51  67  276
  -69  71  113
  -90  59  -135
  -75  90  293
  -61  60  -99
  -55  105  -45
  -25  71  -92
  -52  69  292
  -81  85  -118
  -31  125  98
  -27  47  -20
  -45  79  71
  -7  91  -62
  -14  103  87
  -29  68  90
  -25  60  50
  -21  46  -227
  -6  62  -86
  2838  86  -53
  -63  75  -119
  -42  67  90
  2821  57  -97
  -52  58  58
  -53  111  12
  -25  89  105
  -29  53  -60
  -87  60  -120
  -37  108  120
  -24  84  127
  -16  99  77
  -69  87  257
  -75  79  306
  -62  101  36
  -73  90  -12
  -21  63  -125
  -44  86  -21
  -83  98  307
  -35  79  71
  -9  72  -5
  -30  92  283
  -45  83  264
  -51  74  -212
  -75  47  -104
  -62  53  -59
  -77  72  -112
  -50  103  -45
  -47  69  127
  -13  35  -174
  -29  43  -80
  -77  91  280
  -18  61  53
  -98  51  -76
  -69  85  -120
  -59  99  -71
  -40  80  72
  -70  95  39
  -54  55  -248
  -92  53  -79
  -27  97  -44
  -55  69  298
  -54  77  -116
  -41  88  41
  -45  82  -110
  -44  94  -118
  -45  60  -41
  -92  72  -12
  -66  47  92
  -41  89  284
  -40  122  -16
  -72  70  54
  -90  101  -24
  -103  95  124
  -19  58  -115
  -21  60  292
  -99  82  -96
  -77  76  278
  -68  93  380
  -76  62  -38
  -87  65  -61
  -64  72  94
  -108  75  -58
  -59  84  -26
  -46  82  -126
  2819  77  -49
  -62  82  104
  -6  56  -38
  -71  57  -36
  -55  89  -80
  -62  107  -136
  -58  87  -70
  -91  74  29
  -79  93  -59
  -82  83  78
  -70  90  -213
  -29  47  -99
  -52  63  -46
  -59  110  -191
  -40  70  -103
  -40  88  -42
  -4  60  10
  -67  68  -48
  -89  70  -11
  -58  68  60
  -1  96  316
  -75  76  -94
  -60  59  102
  -33  76  -97
  -55  98  365
  2834  84  19
  -78  61  -13
  -87  97  -109
  -46  62  101
  -54  84  349
  -5  60  -26
  -26  91  -88
  -66  75  289
  -54  84  274
  2853  76  34
  2830  81  -27
  2874  62  -75
  -59  31  81
  -43  69  -7
  -59  64  37
  -55  66  117
  -42  53  -7
  -12  27  326
  -69  89  -45
  -23  109  114
  -25  -124  -113
  -47  92  -10
  -5  55  -95
  -21  72  74
  -41  113  -84
  -39  77  107
  -68  81  -126
  -70  52  -75
  -41  76  326
  -38  95  310
  -17  36  48
  -55  36  -33
  -15  80  -50
  -55  99  -89
  -40  92  -101
  -13  72  -26
  -90  97  -23
  -107  70  -122
  -31  44  -71
  -16  89  22
  -93  66  -444
  -45  91  112
  -71  73  -140
  -76  68  -63
  -105  52  -48
  -57  73  124
  -55  89  -58
  -50  65  -125
  -87  123  19
  -39  58  -102
  -67  99  -119
  -61  68  -171
  -109  52  48
  -99  68  285
  -34  71  -60
  -50  75  53
  -43  85  -15
  -85  93  -172
  -9  79  -37
  -34  50  50
  -84  83  355
  -41  67  -23
  -120  82  48
  -56  68  -60
  -87  78  78
  -81  72  -57
  -46  96  -120
  -48  76  298
  -63  74  66
  -12  64  -134
  -58  72  -129
  -78  74  287
  -49  43  -28
  -39  86  318
  -98  76  362
  -60  93  -66
  -84  50  -199
  -66  80  68
  -68  62  -128
  -86  98  105
  -53  87  46
  -75  76  125
  -67  70  -9
  -52  88  67
  -57  96  -23
  -79  51  -31
  -98  103  -32
  -85  61  33
  -85  80  289
  -72  97  3
  -77  85  126
  -25  52  2
  -58  90  -51
  -61  68  50
  -82  46  -25
  -52  77  19
  -72  70  -13
  -86  81  -24
  -80  64  -71
  -47  65  121
  -40  59  328
  -73  84  -58
  -76  94  -80
  -7  72  84
  -61  70  35
  -67  60  -73
  -56  74  -37
  -43  64  31
  -52  84  -75
  -48  112  14
  -38  84  -61
  -88  85  -253
  -54  58  -88
  -49  32  -9
  -69  82  22
  -47  57  -27
  -53  77  -26
  -39  93  58
  -50  69  -61
  -74  82  -129
  -23  74  -72
  -58  55  -31
  -5  97  -34
  -36  86  -35
  -33  68  -121
  -30  125  -191
  -6  88  338
  -17  63  -95
  -17  32  373
  -14  52  333
  2834  74  290
  -22  103  -73
  -53  74  113
  -34  73  -202
  2823  86  127
  2816  89  -28
  2841  30  116
  -42  55  280
  -19  117  42
  -1  69  -207
  -92  80  8
  -52  61  -73
  -80  95  -49
  -3  86  -24
  -49  103  -83
  -15  79  -69
  -77  78  -72
  -81  74  -236
  -61  80  85
  -43  66  91
  -5  59  -420
  -102  73  30
  -67  88  -13
  -22  77  -49
  -26  86  86
  -57  56  -77
  -43  53  91
  -60  77  356
  2839  58  -44
  2821  72  297
  -4  81  -12
  -51  88  89
  -117  50  -2
  -1  92  -47
  -28  59  70
  -26  115  -68
  -64  62  371
  -63  73  -38
  -45  55  -14
  -70  85  39
  -8  79  0
  -89  93  -101
  -124  54  -17
  -96  49  324
  -77  92  -76
  -32  89  -39
  -73  55  -57
  -62  72  276
  -71  87  -101
  -55  72  -124
  -54  87  -68
  -75  76  -93
  -104  89  -85
  -59  75  -75
  -86  53  -55
  -62  85  -66
  -4  108  -12
  -58  69  329
  -102  57  -64
  -77  99  125
  -69  73  -97
  -50  51  60
  -39  87  -33
  -75  86  -19
  -106  68  5
  -31  118  -61
  -49  82  280
  -20  85  337
  -46  61  -60
  -80  88  -141
  -54  78  -110
  -62  76  -50
  -92  76  -31
  -50  86  -98
  -87  80  -22
  -69  75  -55
  -23  116  278
  -47  78  -21
  -40  66  -138
  -23  77  -63
  -16  89  32
  -78  90  -37
  -118  71  -124
  -74  75  66
  2816  51  79
  -34  85  -13
  -83  91  15
  -6  97  -1
  -73  66  -112
  -28  51  302
  -46  73  15
  -53  82  63
  -67  71  -100
  -74  83  282
  -64  77  306
  2823  58  -29
  -26  103  -65
  -56  78  277
  -52  7  -108
  -14  104  -24
  2848  88  -91
  -15  20  -119
  -68  76  -60
  -27  70  -50
  -51  122  -122
  -39  89  -108
  -34  83  4
  -78  77  -13
  -12  72  -87
  -61  73  -62
  -42  57  -64
  -36  85  -44
  -47  112  257
  -85  79  309
  -87  96  -52
  -13  101  -14
  -72  113  -98
  -5  82  -34
  -79  81  -104
  -51  67  -47
  -59  58  364
  -54  94  345
  -43  95  -43
  -112  84  20
  -87  88  -12
  -26  70  80
  -53  63  -83
  -84  67  54
  -73  91  -76
  -51  107  261
  -53  81  -77
  -42  97  -88
  -41  84  58
  -78  61  -28
  -92  71  -60
  -1  73  -156
  -34  59  -92
  -67  77  -2
  -93  72  -12
  -9  61  268
  -42  71  -54
  -82  98  -99
  -102  87  101
  -65  84  75
  -66  76  56
  -66  88  -217
  -41  94  24
  -92  74  -87
  -105  97  -10
  -98  77  -102
  -41  84  108
  -80  89  1
  -74  98  106
  -47  97  -83
  -91  43  104
  -114  89  -69
  -62  104  -124
  -51  71  -94
  -75  55  -83
  -104  93  -73
  -98  104  -138
  -66  103  -67
  -109  99  -122
  -50  57  112
  -120  73  -12
  -64  77  -119
  -115  73  -7
  -49  80  36
  -113  63  98
  -28  67  -81
  -68  94  31
  -42  75  307
  -48  82  -1
  -65  102  92
  -39  80  -102
  -47  51  34
  -46  87  -153
  -45  57  315
  -51  93  82
  -57  93  119
  -28  77  47
  -68  43  -84
  -62  89  101
  -53  69  -165
  -68  58  -46
  -32  94  -62
  -68  81  -57
  -64  92  -82
  -32  81  -48
  -27  58  66
  -54  70  107
  -64  76  -73
  -94  82  -58
  -66  59  -191
  -38  70  361
  -46  64  -107
  -23  109  67
  -36  76  267
  -79  85  -36
  -2  72  84
  -2  102  -108
  -50  82  -84
  -57  63  -245
  -13  70  -62
  -12  99  -66
  -4  113  -68
  -56  30  34
  -56  27  -2
  -58  50  50
  -35  -121  355
  -32  78  -16
  -51  70  -20
  -43  93  -94
  -30  80  -124
  -33  54  116
  -84  94  88
  -70  73  59
  -32  69  -116
  -56  78  96
  2816  61  -33
  -82  60  119
  -43  68  -111
  -62  46  278
  -43  86  -19
  -67  70  -94
  -43  92  -108
  -58  102  512
  -30  54  62
  -22  84  -106
  -4  71  116
  -45  77  58
  -42  80  -126
  -55  90  -128
  2822  73  -2
  -41  31  -54
  -65  64  297
  -85  79  -70
  -55  56  -58
  -62  58  -160
  -76  73  -37
  -67  100  -98
  -16  85  337
  -81  96  -65
  -71  76  39
  -66  72  -8
  -107  64  54
  -37  107  57
  -108  72  -90
  -84  96  49
  -42  97  -134
  -106  -124  268
  -83  91  -1
  -89  91  -162
  -116  72  -82
  -94  67  -105
  2823  85  -142
  -63  91  79
  -122  76  -194
  -35  76  -57
  2673  117  286
  -47  62  371
  -16  81  326
  -96  80  -38
  -55  55  111
  -90  70  -149
  -49  55  -111
  -65  69  116
  -93  70  -12
  -53  111  -138
  -81  68  71
  -63  91  -118
  -76  94  -46
  -91  64  -84
  -55  89  79
  -33  90  360
  -35  75  20
  -12  79  -197
  -42  69  55
  -111  93  370
  -81  104  -117
  -45  95  -3
  -70  91  -71
  -5  58  -84
  -39  51  324
  -35  62  107
  -34  59  -35
  -68  64  -3
  -92  69  -35
  -45  53  -27
  -41  91  0
  -53  51  18
  -59  79  -64
  -89  83  -43
  -64  84  283
  -83  94  6
  -28  67  -51
  -63  88  -180
  -8  98  -19
  -73  62  257
  -77  88  -62
  -39  70  -127
  -65  52  -133
  -48  84  -91
  -64  61  -109
  -80  122  -80
  -33  52  315
  -35  55  -111
  -92  88  -128
  -42  95  -105
  -65  101  -197
  -37  115  39
  -23  52  47
  -33  55  -125
  -78  65  -16
  -55  91  -44
  -1  86  -31
  -15  93  25
  -16  53  378
  -41  88  -38
  -37  73  -118
  -66  84  -51
  2826  38  -102
  -77  60  -450
  -34  91  -90
  -44  65  96
  -69  91  -25
  -17  86  -95
  -55  65  -7
  -51  61  -5
  -57  75  51
  -52  79  22
  -47  70  -228
  -59  96  283
  -45  76  -154
  -45  84  -38
  -53  91  118
  -47  72  284
  -18  65  -191
  -40  84  290
  -40  86  -253
  -47  60  25
  2850  85  -46
  -54  61  71
  -40  85  326
  2822  115  36
  -81  52  -15
  -18  82  312
  -61  84  -98
  -97  81  -218
  -109  108  36
  -49  93  -121
  -58  75  -62
  -50  84  -46
  -97  88  110
  -66  105  288
  -78  96  44
  -62  82  -77
  -96  58  -33
  -76  60  -116
  -97  75  -173
  -106  57  -126
  -16  89  -120
  -112  53  -81
  -118  91  71
  -127  76  -34
  -13  101  -49
  -38  97  34
  -90  63  -19
  -59  74  -75
  -53  90  366
  -63  73  -81
  -114  47  -39
  -68  73  336
  -99  69  5
  -75  50  -112
  -59  82  -20
  -22  89  361
  -48  82  -35
  2671  85  104
  -67  78  -127
  -83  53  29
  -45  89  284
  -81  83  5
  -99  58  -152
  -56  91  17
  -106  84  77
  -12  79  123
  -87  70  -84
  -68  82  -138
  -43  58  -102
  -49  93  318
  -59  93  -60
  -37  110  71
  -78  52  298
  -18  74  -5
  -48  72  -9
  -87  102  -50
  -22  80  49
  -39  61  -68
  2828  98  -53
  -65  51  -21
  -75  67  9
  -75  90  -41
  -93  105  -56
  -70  76  111
  2819  54  88
  -40  98  -83
  -96  57  -97
  -8  67  -36
  -54  55  -103
  -77  52  -119
  -20  53  321
  -55  106  308
  -100  12  -31
  -42  75  -62
  -70  78  -114
  -12  28  104
  -62  64  -73
  -34  74  -133
  2816  94  52
  -123  50  323
  -37  91  282
  -15  52  22
  2830  92  288
  -34  70  87
  -14  60  -17
  -64  40  -85
  2816  69  86
  -36  78  -98
  -30  55  -100
  -34  53  -80
  -45  18  -2
  -93  86  -21
  -24  61  27
  -42  50  66
  -31  49  293
  -43  98  -98
  -59  65  -8
  -20  85  -81
  -2  76  -113
  -53  108  -65
  -16  75  256
  -40  93  -184
  -52  87  -11
  -75  55  30
  -52  86  -130
  -16  93  86
  -32  99  -129
  -45  66  -80
  -56  63  -126
  -33  77  -37
  -67  41  -63
  -26  98  120
  -33  103  -46
  -58  96  27
  -65  55  40
  -54  73  -76
  -27  76  -181
  -23  58  267
  -69  72  13
  -23  61  75
  -56  75  526
  -30  86  -14
  -46  67  -111
  -90  101  125
  -66  72  -10
  -65  93  258
  -32  71  -77
  -30  78  -25
  -107  109  -88
  2684  57  112
  -78  66  -113
  -58  105  -143
  -78  56  -81
  -106  59  -7
  -97  68  -11
  -43  98  -23
  -62  89  -73
  2830  84  3
  -52  86  80
  -107  69  -142
  -48  78  127
  -40  90  -48
  -99  57  -181
  -51  72  309
  -8  56  -72
  -99  79  73
  2834  101  -124
  -62  39  123
  -42  73  85
  -83  91  -34
  -55  85  -39
  -39  77  -51
  -64  75  -44
  -91  66  -54
  -46  77  -33
  -43  79  -59
  -19  55  -19
  -61  63  -179
  -37  66  -241
  -41  60  323
  -19  100  99
  -25  64  -98
  -40  50  -81
  -61  87  46
  -105  124  -155
  2845  81  318
  -23  36  -150
  -24  69  123
  -66  95  3
  -62  96  -158
  -24  80  -148
  -30  47  293
  -39  63  -171
  -34  73  42
  -45  84  -65
  -78  77  80
  2821  64  79
  -39  46  -38
  -62  79  126
  -82  106  -147
  -42  36  -17
  -63  5  536
  -59  75  25
  -98  71  100
  -30  52  25
  -2  104  -27
  -19  81  -28
  -65  68  125
  2834  58  -135
  -6  86  -165
  -72  71  50
  -29  79  114
  -64  84  362
  -17  82  -237
  -85  84  -172
  -85  96  -96
  -25  81  -108
  -61  69  62
  -8  65  -102
  -59  62  631
  -49  102  360
  -53  89  303
  -29  84  -28
  -62  74  83
  -35  57  312
  -76  88  -2
  -1  90  -24
  -35  99  345
  -50  42  111
  -2  98  -74
  -48  122  -93
  -75  92  -128
  -101  57  -44
  -7  101  16
  -58  82  -7
  -45  96  312
  -31  88  -127
  -45  74  80
  -33  94  120
  -41  66  -9
  -37  107  -41
  -52  59  81
  -4  85  -126
  -54  72  -106
  -81  75  -220
  -69  71  30
  -56  98  -73
  -28  87  121
  -33  73  -81
  -43  77  -4
  -28  76  -111
  -61  98  -91
  -97  85  105
  -49  82  24
  -62  78  359
  -17  97  -55
  -75  77  -48
  -37  114  -43
  -74  79  6
  -30  71  -65
  -42  75  34
  -71  68  70
  -84  72  3
  -51  49  104
  -35  71  -69
  -78  53  -112
  -84  96  -10
  -66  95  267
  -53  65  7
  -70  99  295
  -94  95  101
  -23  73  380
  -96  84  -246
  -85  53  84
  -49  58  -3
  -124  95  43
  -77  78  -154
  -19  93  -11
  -73  76  -85
  -26  84  40
  -73  78  -117
  -121  95  -250
  -49  104  70
  -60  74  -29
  -90  93  37
  -37  63  -27
  -69  83  350
  -51  101  -90
  -43  59  18
  -94  61  -180
  -72  81  -21
  -81  101  -95
  -80  84  -172
  -52  90  -113
  -59  91  -127
  -44  97  -125
  -40  92  101
  2832  40  72
  -42  97  -219
  -64  57  296
  -21  93  -244
  -32  71  291
  -15  61  -85
  -48  94  90
  -29  74  -428
  -15  26  114
  -40  73  -102
  -16  71  -38
  -79  83  -149
  -42  64  -121
  -58  84  92
  -20  64  42
  -21  75  -34
  -53  68  -73
  -18  75  -16
  2836  81  328
  -9  100  106
  -28  76  -78
  -20  73  -5
  -19  68  -98
  -70  47  -62
  -63  86  -98
  -12  62  -22
  -26  91  300
  -57  78  -118
  -24  65  -67
  -20  86  290
  -51  96  17
  -19  95  95
  -44  75  -71
  -22  63  -97
  -26  77  -33
  -53  62  5
  -54  57  110
  -21  85  -101
  -32  103  328
  -17  68  272
  -27  66  -113
  -39  46  24
  -26  78  -32
  -54  66  -13
  -73  80  55
  -88  95  95
  -44  24  -122
  -71  65  -73
  -43  76  -132
  -67  87  -112
  -15  89  -9
  -80  87  -51
  -99  80  -101
  2830  88  -145
  -92  102  -125
  -66  84  -119
  -38  79  -88
  -78  74  -128
  -48  105  -32
  -27  81  -37
  -76  80  17
  2680  63  54
  -77  88  -112
  -32  85  -87
  -59  106  -53
  -75  71  -9
  -56  60  -93
  -54  67  -129
  -50  70  -155
  -18  53  -38
  -75  86  -109
  -104  68  -42
  -13  112  -81
  -77  54  -52
  -21  95  -88
  -112  79  123
  -67  57  -47
  -78  80  -16
  -45  112  92
  -81  99  47
  -48  94  -4
  -72  58  4
  -69  88  313
  -20  86  19
  -76  93  -5
  -53  106  -189
  -48  107  -73
  -20  103  -129
  -40  88  -100
  -33  72  122
  -63  73  -20
  -18  61  60
  -86  84  -191
  -23  63  -104
  -42  86  -85
  -28  75  -56
  -75  104  -84
  -8  98  -124
  -3  89  299
  -73  110  -10
  -56  52  89
  -15  63  -10
  -48  53  -36
  -48  69  -54
  2830  58  -29
  -19  89  -68
  -7  75  49
  -23  74  -12
  -28  74  -53
  -56  73  -89
  -38  23  315
  -65  64  320
  -57  76  -58
  -72  62  326
  -5  50  -30
  -81  69  -111
  -82  92  318
  -57  84  -175
  2848  93  -97
  -64  96  124
  -38  41  -45
  -20  81  -54
  -24  72  -66
  2819  105  111
  -14  108  -35
  -30  94  258
  -35  66  -118
  -51  30  -125
  -74  99  46
  -55  95  -15
  -27  78  -103
  -38  59  -68
  -55  74  29
  2818  84  13
  -77  98  -114
  -74  99  -58
  -27  56  372
  -65  47  285
  -99  69  -34
  -100  86  42
  -32  65  22
  -52  70  59
  -32  102  -6
  -102  71  9
  -46  85  -20
  -61  63  78
  -5  39  273
  -32  61  116
  -88  92  -45
  -59  85  270
  -76  68  126
  -18  60  -151
  -84  92  53
  2842  53  0
  -47  67  -18
  -33  94  -23
  -18  102  -214
  -53  90  262
  -57  84  31
  -73  88  73
  -90  70  258
  -16  71  -39
  -22  72  -121
  -70  101  340
  -55  64  91
  -74  107  -205
  -82  84  -105
  -79  79  -83
  -38  72  -88
  -34  71  119
  -46  97  46
  -112  84  -97
  -58  54  -85
  -68  54  -122
  -48  58  -2
  -100  82  -18
  -37  78  -119
  -99  56  -72
  -73  78  271
  -100  72  -147
  -43  64  -108
  -20  84  42
  -34  96  -122
  -92  84  -37
  -48  77  -200
  -62  77  -18
  -67  80  47
  -79  84  -79
  -73  68  49
  -24  78  -40
  2831  59  330
  -8  88  -413
  -90  84  52
  -46  54  519
  -69  85  -20
  -14  92  -119
  -41  97  -21
  -69  83  304
  -83  70  -59
  -94  72  -23
  -26  85  -116
  -33  82  44
  -30  90  -44
  -51  93  -191
  -42  83  53
  -12  54  -85
  -39  46  -33
  -11  56  -108
  -37  68  -53
  -44  76  -32
  -58  98  -97
  2861  78  -115
  -53  72  341
  -43  84  328
  -66  106  -81
  -42  101  -33
  -53  98  310
  -21  89  29
  -58  16  -84
  -49  39  -45
  -19  93  -24
  -21  97  103
  2831  78  -34
  2822  84  -105
  -80  75  28
  -44  99  290
  -40  71  119
  -40  66  303
  -78  99  36
  -56  89  266
  2823  77  -59
  -38  87  273
  -55  78  114
  -49  104  -28
  2822  77  -28
  2835  81  107
  -17  42  -78
  -35  57  -42
  -75  82  -90
  -32  44  112
  -73  54  37
  -45  92  -69
  -87  88  -61
  -35  71  16
  -48  79  -209
  2819  65  -62
  -48  56  -93
  -73  113  -29
  -99  67  -122
  -59  96  26
  -31  94  -10
  -71  62  28
  -85  70  67
  -65  64  -254
  -34  59  67
  -55  42  358
  -64  57  -178
  -58  85  -109
  -28  97  -53
  -38  98  -12
  -41  64  21
  -44  43  -47
  -35  60  27
  -36  93  383
  -76  82  -27
  -45  56  -129
  -66  71  114
  -78  55  269
  -102  48  -28
  -88  58  -190
  -53  67  52
  -66  88  35
  -78  66  -73
  -33  -123  -112
  -88  97  115
  -79  84  24
  -103  81  24
  -56  60  -119
  -106  44  8
  -75  85  -208
  -80  87  -64
  -79  114  375
  -40  73  -69
  -44  75  -92
  -22  53  -182
  -16  83  -128
  -47  77  -50
  -87  93  5
  -37  102  -7
  2820  85  -127
  -43  64  49
  -62  63  -32
  -85  78  -108
  -83  72  118
  -52  63  -47
  -68  81  -106
  -49  124  107
  -39  96  -71
  -36  59  -37
  -65  40  -29
  -77  86  -76
  -93  81  -226
  -46  58  -81
  -86  71  -63
  -66  75  -76
  -77  92  -66
  -114  67  -67
  -73  76  121
  -31  87  16
  -3  50  -55
  -57  76  7
  -52  127  327
  -62  85  -2
  -9  107  377
  -61  80  -31
  -58  80  -63
  -23  59  -92
  -55  67  -122
  -35  69  21
  -51  83  -132
  -45  65  -154
  -51  94  -116
  -28  83  32
  -66  20  -106
  -49  51  366
  -36  91  -181
  -75  81  124
  -59  92  382
  -65  83  -92
  -66  62  55
  -29  100  -36
  -74  65  83
  -53  71  -92
  -51  52  100
  -11  120  -128
  -65  102  -201
  -33  61  40
  -92  79  -6
  -62  92  358
  -37  57  -6
  2820  55  93
  -59  79  -92
  -107  93  351
  -51  112  -53
  -55  78  -98
  -70  74  -152
  -94  43  -66
  -63  79  119
  -23  62  -108
  -80  104  -43
  -38  90  624
  -57  81  117
  -54  94  -89
  -33  80  594
  -62  34  97
  -77  80  83
  -43  106  56
  -63  95  -48
  -67  71  -74
  -29  75  -231
  -55  63  -171
  -50  76  26
  -53  111  528
  -38  85  -47
  -86  67  636
  -63  118  -163
  -110  75  -111
  -41  69  73
  -24  63  373
  -13  91  -4
  -113  79  -118
  -123  69  26
  -24  46  -112
  -22  52  97
  -42  75  104
  -70  79  -36
  -110  58  -76
  -111  68  -213
  -53  72  1
  -10  75  -77
  -45  114  -28
  -31  71  -104
  -65  121  69
  -77  58  -102
  -75  75  -41
  -60  83  -76
  -73  91  -97
  -46  70  98
  -53  78  338
  -90  62  115
  -67  85  270
  -68  61  -92
  -78  102  -78
  2818  76  -117
  -88  77  -93
  -50  66  -43
  -42  61  -121
  -17  91  -33
  -40  32  323
  -20  110  -52
  -17  75  -10
  -49  93  -74
  -30  50  -192
  2822  68  -114
  -63  93  -54
  -48  88  -123
  -50  67  -104
  -99  63  12
  -51  90  88
  -46  60  -58
  -48  77  45
  -101  71  264
  -72  75  44
  -38  37  -120
  -46  95  304
  -65  72  -118
  -75  65  55
  -40  74  -120
  -78  44  -76
  -89  62  -81
  -44  90  110
  -66  86  71
  2820  88  -101
  -52  59  -447
  -25  100  -4
  -50  40  59
  -64  67  -88
  -20  94  34
  -25  22  -22
  2836  38  -92
  -44  100  -120
  -28  86  86
  -85  92  -5
  -59  76  -4
  -77  78  29
  -74  75  256
  -9  71  272
  -60  78  -73
  -61  11  -99
  -21  94  77
  -13  62  -23
  -71  45  96
  -46  79  68
  -33  85  -13
  -65  88  267
  -51  80  42
  -70  89  124
  -50  95  -160
  -99  62  -41
  -39  69  21
  -7  83  -17
  -7  98  -22
  -38  65  607
  -46  67  -71
  -43  69  68
  -35  86  295
  -43  78  -17
  -40  106  -27
  -49  54  36
  -19  82  122
  -65  30  -14
  -42  49  -245
  -54  78  18
  -45  98  -71
  -33  66  -113
  -73  89  -109
  -46  54  -74
  -17  99  349
  -31  89  -164
  -40  86  -86
  -62  103  -10
  -40  80  -178
  -7  54  -33
  -36  68  -142
  -45  102  -82
  -72  96  -56
  -38  105  -215
  -60  89  -90
  -58  87  268
  -78  77  -123
  -101  110  93
  -47  55  -19
  -58  105  263
  -63  93  -60
  -115  -125  -21
  -89  65  -67
  -66  82  -42
  -41  64  -45
  -73  49  73
  -115  86  24
  -17  97  27
  -84  76  -48
  -76  40  -1
  -44  90  45
  -50  77  35
  -113  100  375
  -86  84  -153
  -64  76  -30
  -49  103  -34
  -85  44  83
  -89  78  102
  -46  93  299
  -74  87  -55
  -4  89  5
  -71  84  112
  -99  80  368
  -37  92  32
  -31  54  -34
  2818  96  -81
  -34  95  -179
  -60  63  271
  -101  72  -9
  -78  81  -187
  -32  95  556
  -55  92  65
  -24  79  21
  -49  69  -113
  -60  104  41
  -38  84  -105
  -75  79  89
  -59  88  266
  -58  85  -152
  -24  81  -49
  -37  98  381
  -15  49  -120
  -61  96  -62
  -51  115  -10
  -24  87  -201
  -18  62  -51
  -40  94  -43
  -95  36  -32
  -68  54  -111
  -7  102  363
  -75  23  -34
  -8  24  69
  -83  67  76
  -64  107  -13
  -28  79  -89
  -38  92  -70
  -47  65  -53
  -61  71  -29
  -28  60  -57
  -20  81  99
  -44  94  -201
  -94  90  15
  -6  87  -67
  -70  56  346
  -24  90  -251
  -39  69  -76
  2823  65  119
  -101  82  -82
  -29  86  111
  -65  63  111
  -57  86  -8
  -48  96  -170
  -26  109  -98
  -8  81  334
  2822  74  -37
  -44  69  103
  -60  110  -138
  -15  48  -3
  -40  77  -95
  -31  88  -44
  -4  56  13
  -10  80  -27
  -68  74  359
  2817  61  298
  -2  63  19
  -54  65  78
  -59  62  -74
  -93  77  291
  -60  61  19
  -38  101  -111
  -107  76  -69
  -80  47  -34
  2820  97  62
  -62  68  378
  -36  88  -18
  -55  101  269
  -72  98  -75
  -49  69  -38
  -75  77  -146
  -77  73  114
  -88  78  598
  -69  120  83
  -58  79  -183
  -65  70  514
  -76  32  -38
  -118  64  -74
  -26  89  324
  -51  85  -81
  -24  67  37
  -80  89  -87
  -57  63  113
  -68  74  -125
  -100  78  -189
  -61  83  -80
  -82  48  333
  -57  93  14
  -98  76  -15
  -36  65  -58
  -61  81  -194
  -59  72  -73
  -106  110  -53
  -92  79  125
  -96  46  327
  -12  63  376
  -57  95  -19
  -59  94  282
  -40  69  99
  -53  97  -65
  -88  86  -64
  -83  116  60
  -67  58  -128
  -19  78  -250
  -30  28  -116
  -109  77  98
  -42  76  -111
  -34  73  112
  -19  68  -28
  -62  52  -15
  -76  74  105
  -31  78  -120
  -122  41  -123
  2827  70  -21
  -41  79  -113
  -59  97  -41
  -82  74  383
  -125  89  17
  2826  47  -29
  -20  70  120
  -45  60  79
  -13  57  -102
  2816  85  -15
  2847  81  262
  -19  31  -83
  -76  56  -25
  -18  111  -119
  -34  26  -44
  2818  44  -3
  -32  119  -180
  -87  96  123
  -44  73  -147
  -59  66  -227
  -92  89  81
  -44  89  51
  -23  79  -11
  -48  69  -38
  -26  69  263
  -75  112  124
  -78  101  -5
  -14  40  -128
  -31  85  -111
  -59  98  93
  -15  103  74
  -55  62  -13
  -14  75  -69
  -41  85  313
  -31  93  -44
  -78  34  -7
  -92  85  46
  -50  86  -54
  -59  79  -165
  -44  59  -126
  -26  73  -93
  -69  92  106
  -64  81  94
  2823  86  -126
  -49  71  -33
  -46  64  -50
  -27  96  -47
  -54  113  -128
  -29  80  -103
  -7  92  -182
  -49  103  264
  -55  92  41
  -55  53  -129
  -18  75  89
  -47  93  -76
  -77  99  -2
  -20  108  -141
  -75  40  -76
  -84  104  -395
  -51  79  -52
  -27  74  -107
  -62  98  -48
  -65  39  -146
  -89  74  71
  -48  67  47
  -32  68  327
  -43  82  264
  -24  78  -12
  -61  104  25
  -60  62  103
  -81  103  60
  -94  93  124
  -70  86  65
  -65  111  -97
  -64  102  303
  -59  106  316
  -75  68  -88
  -24  44  -122
  -73  83  8
  -86  122  -7
  -26  65  2
  -96  73  -77
  -47  73  -95
  -21  68  -101
  -38  106  350
  -53  68  -140
  -52  84  276
  -28  94  292
  -76  96  120
  -57  118  -19
  -105  39  577
  -58  70  -98
  -52  53  12
  -86  93  119
  -108  102  -16
  -70  84  108
  -55  75  -49
  -30  83  -135
  -80  85  -24
  -78  96  -112
  -56  80  301
  -61  67  13
  -48  79  -88
  -22  114  -61
  -26  62  8
  -69  42  -56
  -23  85  -103
  -70  120  37
  -117  70  13
  -61  90  123
  -95  120  -129
  -77  101  -23
  -53  60  -216
  -74  68  -87
  -30  49  86
  -25  92  -174
  -85  118  -104
  -43  109  -14
  -68  88  -15
  -40  29  63
  -10  75  -60
  -17  106  126
  -90  76  -69
  -52  61  302
  -33  79  -4
  -7  45  -135
  -36  79  257
  -24  88  -61
  -20  50  -86
  -63  90  -70
  -32  111  86
  -49  88  -55
  -17  82  -17
  -65  71  33
  -71  94  -14
  -51  70  306
  -20  72  -60
  -61  69  -65
  -42  70  -136
  -26  79  -115
  -51  51  258
  -13  108  34
  -29  74  -22
  -56  89  127
  -42  69  -41
  -69  49  3
  -68  59  -131
  -97  55  120
  -42  81  -76
  -19  75  110
  -84  52  119
  -49  100  270
  -54  57  52
  -101  100  -24
  -56  99  6
  -37  79  -152
  2816  71  -38
  -50  91  -30
  -98  67  22
  -65  86  46
  -98  70  61
  -69  -126  -65
  -92  67  73
  -40  56  -58
  -35  68  57
  -66  60  58
  -79  81  35
  -103  82  -148
  -69  100  -252
  -84  70  -54
  -39  96  -49
  -121  84  -215
  -111  65  6
  -16  74  -53
  -37  77  -61
  -70  66  -48
  -54  73  -27
  -38  103  102
  -32  97  -37
  -51  103  -46
  -9  81  -107
  -99  87  -53
  -114  51  37
  -35  85  -7
  -70  88  125
  -34  98  -73
  -13  88  326
  -101  59  -39
  -66  64  -20
  -89  74  -255
  -79  78  -127
  -12  66  -18
  -65  70  -156
  -33  109  -120
  -82  57  -38
  -42  47  -13
  -76  70  16
  -56  109  30
  -98  58  -55
  -14  70  -25
  2820  89  72
  -60  103  40
  -27  100  -163
  -88  88  -127
  -33  87  -62
  -45  54  -74
  -61  87  -1
  -19  64  -107
  -58  92  7
  -20  79  -243
  -108  68  -39
  -60  76  -76
  -14  68  257
  -66  43  -10
  -61  72  -74
  -72  54  -104
  -36  69  -110
  -99  70  -103
  2818  79  -247
  -39  94  -91
  -18  72  -27
  -57  57  54
  -35  96  -80
  -12  112  -55
  -23  -7  -76
  -5  42  -68
  -35  55  113
  -26  80  -45
  -25  52  61
  -53  88  -30
  -54  93  116
  -97  44  106
  -91  100  -7
  -34  52  -3
  -46  59  -78
  -70  96  69
  2828  63  17
  -1  63  -128
  -55  85  46
  -42  61  -43
  -58  61  256
  -21  78  -151
  -6  57  63
  -47  86  -111
  -35  66  -175
  -21  94  288
  -14  60  -52
  -36  78  -165
  -51  86  54
  -17  56  95
  -5  77  -97
  -30  110  -84
  -49  84  -64
  -25  69  -109
  -34  119  -156
  -67  48  -91
  -70  44  -45
  -19  71  110
  -79  73  13
  -58  45  -91
  -127  74  -175
  -40  66  112
  -29  57  57
  2834  76  92
  -70  59  114
  -122  84  296
  -60  81  -65
  -56  117  -86
  -56  99  -12
  -89  91  69
  -57  44  73
  -56  92  -57
  -65  79  -15
  -27  54  -122
  -108  96  -113
  -52  42  -126
  -89  66  372
  -85  74  -91
  -87  78  265
  -65  103  74
  -72  79  -83
  -21  60  -66
  -77  92  -70
  -67  78  70
  -71  63  -33
  -68  58  -104
  -68  67  72
  -105  50  -41
  -88  99  -119
  -97  64  82
  -37  85  37
  -72  64  305
  -91  65  113
  -66  68  330
  -40  63  383
  -45  90  295
  -33  93  -26
  -52  60  262
  -90  100  -28
  -39  73  310
  -71  115  -35
  -78  43  -115
  -47  71  -5
  -105  94  78
  -82  52  -20
  -112  96  -20
  -50  85  -62
  -36  61  303
  -45  96  -73
  -89  55  -88
  -35  74  327
  -15  80  108
  -54  79  311
  -100  54  -163
  -39  62  258
  -74  98  102
  -54  85  124
  -48  92  -60
  -24  108  -123
  -17  92  298
  -47  75  -28
  -13  84  52
  -78  72  303
  -104  72  -33
  -31  55  106
  -6  55  123
  -88  2  63
  -27  88  -66
  -88  96  -154
  -29  40  -33
  -41  45  -38
  -39  94  26
  -65  62  -104
  -38  70  313
  -87  64  -115
  -46  94  112
  -61  96  69
  -73  70  374
  -25  66  316
  2819  119  21
  -78  97  332
  -23  99  63
  -58  80  -164
  -76  74  -196
  -24  63  -106
  -67  63  -39
  2825  42  12
  -13  88  -18
  -33  67  -105
  -25  72  -162
  -55  99  -94
  -58  113  -32
  -25  71  -23
  -114  71  -4
  -54  38  123
  -23  93  345
  -63  73  15
  -16  68  -58
  -33  101  48
  -12  37  -108
  -62  76  -107
  -11  64  107
  -40  87  32
  -6  75  97
  -65  84  -83
  -48  76  -1
  -7  60  320
  -57  115  79
  -44  71  107
  -54  69  -194
  -50  70  -14
  -46  112  -84
  -85  43  275
  -21  48  -244
  -59  65  110
  -46  89  -43
  -28  90  -4
  -70  92  -47
  -35  89  -65
  -80  88  -118
  -65  111  -25
  -40  72  -124
  -10  66  111
  -65  72  115
  -81  77  -139
  -13  62  -498
  -67  78  91
  -49  94  -87
  -74  108  -77
  -69  95  121
  -120  68  2
  -51  59  53
  -5  68  66
  -73  91  43
  -56  82  -82
  -29  92  27
  -65  77  28
  -60  84  94
  -65  107  90
  -73  -128  77
  -28  65  -107
  -53  73  111
  -40  109  41
  -77  65  55
  -69  43  -125
  -37  71  26
  -36  63  105
  -50  72  -11
  -64  60  -40
  -91  65  -13
  -95  93  23
  -41  63  103
  -84  73  -6
  -62  105  76
  -69  58  -22
  -27  95  -162
  -49  73  -83
  2822  67  72
  -45  56  93
  -71  28  307
  -17  47  -29
  -62  84  1
  -25  73  -101
  -50  87  56
  -52  64  41
  2818  50  68
  -53  84  51
  -41  52  -189
  -47  78  -11
  -43  88  116
  -72  93  -122
  -65  85  -117
  -100  61  284
  -65  98  -36
  -56  46  -57
  -37  29  -69
  2831  92  300
  -61  100  126
  -34  79  -81
  -28  89  122
  -11  90  -30
  2826  87  -114
  -40  60  107
  -81  63  -48
  -14  111  -74
  -80  79  266
  -41  90  -107
  -42  88  96
  -82  53  119
  -51  62  62
  -22  49  -49
  -17  63  40
  -65  95  -40
  -80  68  84
  -16  65  -223
  -70  86  120
  -46  95  -109
  -54  112  -103
  -41  69  -105
  -49  87  -40
  -86  86  124
  -10  51  34
  -58  102  96
  -44  54  -73
  -26  47  71
  -73  92  -168
  -5  59  -99
  -40  83  368
  2817  86  -16
  -54  82  -31
  -47  79  -160
  -40  82  -214
  -47  71  -6
  -24  110  -10
  -81  70  -62
  -62  76  -11
  -25  66  56
  -118  51  293
  -93  87  70
  -42  87  -84
  -7  75  -92
  -5  65  104
  -121  95  -389
  -75  60  324
  -57  90  -128
  2850  98  359
  -69  67  -101
  -50  85  -157
  -30  71  84
  -90  59  -61
  -80  90  348
  -70  65  65
  -31  51  -90
  -8  94  313
  -20  117  -92
  -60  86  -66
  -54  119  -97
  -84  89  -53
  -43  55  -15
  -65  70  27
  -45  61  292
  -111  74  -68
  -51  96  123
  -66  85  268
  -10  82  -78
  -75  87  7
  -70  69  -164
  -34  71  -161
  -44  74  351
  -15  97  117
  -50  80  37
  -85  90  -176
  2826  85  306
  -57  61  -14
  -69  95  -62
  -46  58  -92
  -80  66  68
  -50  73  -125
  -23  54  123
  -30  67  28
  -83  78  -77
  -41  56  -247
  2817  111  -21
  -58  104  73
  -70  68  -39
  -75  80  -67
  -35  84  328
  -42  69  -107
  -40  77  -102
  -43  85  75
  -64  76  -83
  -38  58  -175
  -29  53  -19
  2831  81  -109
  -82  57  -62
  -4  95  -99
  -67  50  43
  -60  80  281
  2823  101  -57
  -14  42  569
  -34  47  -65
  -76  64  -24
  -2  111  256
  -40  83  72
  -65  81  -53
  -72  64  332
  -75  58  -55
  -68  90  108
  -36  53  -128
  -36  113  536
  -64  100  7
  -78  123  96
  -19  84  -196
  -73  96  -87
  -71  70  98
  -27  71  47
  -40  60  -119
  -28  71  382
  -85  79  -154
  -16  97  84
  -23  72  -10
  -68  93  -68
  -64  60  93
  -56  64  -204
  -59  90  -60
  -38  84  -37
  -59  61  7
  -9  60  127
  -99  64  69
  -44  75  1
  -25  63  -145
  -18  70  -122
  -20  73  -69
  -55  80  105
  -63  104  86
  -94  115  -6
  -22  58  83
  2830  64  -86
  -50  82  4
  -85  72  55
  -43  106  -135
  -83  81  -32
  2852  81  -60
  -29  105  87
  -61  75  277
  -25  65  -12
  -76  69  -81
  -72  83  -104
  -35  94  -119
  -57  59  -24
  -92  82  -28
  -74  72  -136
  -94  75  64
  -45  51  274
  -24  100  -88
  -38  31  -156
  -127  83  -29
  -61  85  -13
  -56  71  -28
  -68  66  40
  -63  71  -112
  -46  57  116
  -71  83  -99
  -73  78  122
  -27  61  -10
  -83  68  -16
  -69  72  285
  -54  76  329
  -84  68  -129
  -87  105  -19
  -86  66  19
  -67  85  269
  -76  79  268
  -72  89  -111
  -43  77  -94
  -70  81  -43
  -62  76  1
  -56  109  -4
  -68  82  74
  2683  100  107
  -29  48  291
  -45  70  -91
  -17  77  -88
  -28  108  -14
  -87  100  -58
  -40  40  -72
  -82  106  -124
  -87  75  -108
  -90  65  -229
  -97  50  -127
  -63  61  65
  -92  60  -77
  -27  82  28
  -38  86  0
  -61  75  -58
  -81  90  -52
  -42  88  -37
  -47  64  114
  -78  84  -98
  -9  76  -115
  -79  109  73
  -36  76  -52
  -69  108  -65
  -18  93  13
  -37  27  117
  -73  98  111
  -3  77  -96
  -64  75  -21
  -55  91  59
  -64  66  -3
  -54  81  -72
  -52  90  -128
  -33  52  -68
  -85  78  294
  -75  77  383
  -44  76  -95
  -49  60  326
  2821  79  3
  -72  89  -20
  -18  94  49
  -38  80  -193
  -34  60  287
  -60  68  -15
  -64  83  -44
  -59  97  -9
  -41  47  -114
  -32  89  -42
  -18  79  -73
  -33  83  115
  -19  85  49
  -82  73  -106
  -63  61  68
  -36  95  64
  -35  60  284
  -44  73  26
  2827  70  -79
  -55  84  39
  -73  64  371
  -80  50  44
  -64  86  79
  -45  94  370
  -47  97  102
  -43  91  -49
  -41  75  -42
  -62  73  351
  -41  65  -4
  -61  63  -117
  -44  86  -39
  -52  95  -130
  -55  86  366
  -34  105  -3
  -72  73  -125
  -79  45  -127
  -108  108  309
  -93  101  -50
  -98  89  307
  -34  75  -84
  -74  84  -158
  -62  79  -52
  -36  106  -69
  -57  82  44
  -14  73  114
  -27  97  -80
  -85  57  -90
  -108  86  284
  -46  56  -214
  -44  86  114
  -61  67  -109
  -93  59  -106
  -54  91  -11
  -95  112  -78
  -40  78  -100
  -61  66  277
  -99  95  270
  -98  62  -110
  -50  51  -73
  -92  69  -9
  -58  104  293
  -62  93  -69
  -71  100  277
  -58  88  365
  -70  42  52
  2680  57  296
  -41  94  71
  -51  70  260
  -62  49  -87
  -52  84  -215
  -60  102  286
  -84  64  -120
  -85  86  -84
  -26  91  125
  -65  103  -12
  -45  76  -37
  -31  83  112
  -126  61  -221
  -55  77  324
  -24  59  -9
  -54  80  102
  -64  68  -40
  -60  107  548
  -76  81  42
  -121  92  112
  -33  84  341
  -79  55  -82
  -11  72  319
  -16  62  111
  -40  74  -100
  -67  88  -7
  -63  73  -108
  -11  28  106
  2820  94  -7
  -35  74  -70
  2834  99  -109
  -32  91  -103
  -79  88  112
  2686  34  -36
  -30  56  -190
  -79  74  -65
  -27  61  120
  -84  92  295
  -91  94  -150
  -35  72  78
  -84  46  12
  -55  61  -101
  -10  81  79
  -27  73  8
  -57  53  -169
  -92  114  -16
  -64  72  107
  -46  108  350
  -21  56  -56
  -45  59  -127
  -21  97  318
  -28  81  -45
  -38  70  107
  -54  53  260
  -6  69  374
  -20  93  41
  -44  86  39
  -18  49  -98
  -5  94  -118
  -2  94  -182
  -60  90  -68
  -35  57  -235
  -20  80  -49
  -40  82  -124
  -51  76  -15
  -66  106  -241
  -68  38  119
  -42  74  275
  -58  93  -123
  -56  101  -53
  -38  97  -12
  -42  92  -131
  -42  37  102
  -29  71  -73
  -10  66  -93
  -75  92  -104
  -3  72  261
  -51  66  -126
  -57  69  -11
  -78  87  337
  -56  106  -35
  -112  103  279
  -69  66  -101
  -75  67  -117
  -92  58  -42
  -90  86  87
  -14  43  47
  -76  53  -98
  -36  47  -2
  -66  103  69
  -82  93  27
  -94  96  -33
  -38  89  259
  -105  70  338
  2829  97  -140
  -52  56  -61
  -83  85  311
  -44  71  -96
  -55  72  -6
  -73  87  -8
  -54  64  -69
  -38  95  311
  -64  106  40
  -38  86  118
  -26  92  268
  -16  79  -3
  -55  72  109
  2686  75  -82
  -31  69  51
  -67  77  95
  -116  56  -97
  -48  89  13
  -33  97  49
  -68  36  -149
  -57  30  -15
  -79  68  -111
  -31  81  7
  -52  50  -98
  -62  77  286
  -67  79  -122
  -89  55  -57
  -30  65  -131
  -75  91  260
  -22  80  -64
  -102  71  127
  -41  34  -77
  -121  90  93
  -46  71  -184
  -34  21  -100
  -22  75  301
  -83  73  105
  -53  48  127
  -38  59  -107
  -87  75  -163
  -10  88  -86
  -34  96  -22
  -51  68  6
  -57  90  -65
  -77  111  -15
  -52  87  -131
  -36  49  -251
  -84  46  316
  -84  93  -205
  -12  58  -227
  2832  81  124
  -49  93  42
  -55  61  -93
  -72  53  24
  -16  88  -52
  -4  81  -117
  -81  69  52
  -55  96  -90
  -97  54  100
  -35  100  69
  -55  108  -41
  -42  76  64
  -41  89  -114
  -36  90  105
  -57  82  96
  -24  52  295
  -36  56  -6
  -20  90  113
  -45  67  -17
  2825  65  -121
  -61  80  340
  -47  73  285
  -65  58  -139
  -59  84  -74
  -3  74  116
  -55  102  71
  -61  46  -116
  -119  59  258
  -39  84  -51
  -5  86  -204
  -52  72  -18
  -52  69  -71
  -82  70  -34
  -39  79  -105
  -48  101  -41
  -60  48  359
  -56  48  379
  -6  101  -18
  -26  88  -30
  -105  62  -229
  -44  74  341
  -59  71  -223
  -80  101  -126
  -44  30  23
  -7  62  -58
  -97  50  -27
  -67  78  -78
  -40  83  -38
  -58  73  3
  -83  54  57
  -90  101  -218
  -16  116  -29
  -82  97  -127
  -28  79  11
  -53  92  7
  -58  91  78
  -61  98  -21
  2842  57  -80
  -60  101  -1
  -87  84  11
  -58  81  -104
  -25  75  346
  -54  89  -101
  -44  89  -1
  -46  102  -18
  -71  77  -106
  -27  90  -118
  -51  88  -133
  -46  88  -78
  -116  97  -56
  -68  67  17
  -31  73  -50
  -39  76  71
  -42  108  36
  -25  79  57
  -53  108  -68
  -67  79  -97
  -22  52  271
  -24  88  -120
  -18  78  355
  -29  82  -58
  -24  59  286
  -53  96  -98
  -37  111  44
  -109  64  127
  -67  61  93
  -47  82  119
  -45  70  -100
  -60  49  -13
  -47  51  -169
  -78  50  -184
  -70  107  -60
  -8  24  364
  -27  5  -200
  -59  56  20
  -73  88  -71
  -41  81  -40
  -57  98  -37
  -34  89  92
  -23  59  -91
  -23  81  -5
  -64  80  29
  -9  75  -167
  -75  93  -15
  -58  64  -143
  -50  72  -114
  -26  108  101
  -51  107  125
  -28  106  -15
  -77  54  336
  -13  88  -4
  -62  98  -59
  -49  84  305
  -85  51  294
  -25  72  -22
  -25  101  -38
  -60  101  -43
  -73  62  -134
  -42  80  105
  -42  110  -37
  -7  95  -152
  -1  55  114
  -38  56  87
  -75  67  -8
  -82  62  282
  -56  75  113
  -33  83  -211
  -36  84  61
  -101  79  -32
  -73  103  89
  -44  47  -55
  -55  73  -461
  -68  87  -230
  -83  66  -17
  -27  71  -45
  -50  97  -75
  -65  75  14
  -87  86  53
  -30  69  53
  -78  76  -198
  2828  46  286
  -12  64  -98
  -28  89  112
  -19  67  -437
  -17  88  -96
  -56  116  -24
  -58  82  -2
  -51  64  -64
  -61  79  -93
  -22  60  35
  -24  69  120
  -30  84  -73
  -26  80  -112
  -94  87  -119
  -81  63  -66
  -30  59  340
  -39  67  63
  -65  80  -162
  -101  71  -62
  -29  60  -92
  -65  63  -114
  -65  95  37
  -38  92  -152
  -35  57  76
  -65  68  -35
  -14  78  326
  -81  77  -74
  -66  93  108
  -17  59  19
  -33  95  -38
  -29  81  34
  -93  48  59
  2819  70  350
  -69  94  -477
  -42  93  59
  -78  79  -43
  -12  88  -127
  -69  62  -76
  -26  83  -28
  -31  75  -18
  -45  95  -54
  -36  103  325
  -53  83  -84
  -12  91  -30
  -23  111  -86
  -17  76  79
  -65  51  43
  -95  84  59
  -83  44  -84
  -11  87  -9
  -49  62  320
  -52  -128  -65
  -26  103  20
  -75  87  89
  -18  84  -25
  -75  107  -54
  -53  79  -35
  -63  39  52
  -41  41  42
  -69  65  9
  -47  110  -89
  -5  86  -127
  -7  86  -134
  -88  72  109
  -28  74  -57
  -43  49  -67
  -46  33  309
  -47  92  -80
  -63  96  -66
  -36  64  -110
  -44  49  266
  -51  72  -205
  -3  94  362
  -29  79  -86
  -8  83  115
  -69  93  -115
  -64  69  -71
  -47  67  -60
  -29  68  42
  -57  57  -34
  -26  80  27
  -43  61  -18
  -26  47  -111
  -100  89  334
  2822  97  -10
  -95  84  -112
  -26  59  -32
  -13  66  -113
  -56  78  -58
  -63  90  -72
  -71  70  -96
  2827  93  -102
  -42  86  -109
  -38  68  26
  -76  104  -6
  -38  97  84
  -62  81  -118
  -6  81  -119
  -25  85  -100
  -64  93  112
  -113  66  288
  -53  49  59
  -88  75  86
  -58  56  19
  -32  51  75
  -65  69  -58
  -83  93  90
  -35  41  109
  -11  91  -25
  -29  66  581
  -62  72  -105
  -56  67  -70
  -36  92  -50
  -19  98  -115
  -61  75  303
  -55  54  -73
  -39  61  263
  -57  63  121
  -87  80  271
  -85  82  -90
  -37  88  -94
  -51  67  -133
  -81  71  75
  -16  61  2
  -90  67  -136
  -85  92  -115
  -81  64  -69
  -21  69  -75
  -78  98  121
  -50  110  526
  -62  103  332
  -112  78  -132
  -30  69  -222
  -49  57  -47
  -99  81  49
  -80  71  76
  -28  78  -71
  -30  93  331
  -49  84  -60
  -33  93  61
  -69  81  76
  -47  50  -101
  -52  73  -126
  -14  56  -62
  -20  55  346
  -45  80  99
  -56  67  -85
  -37  72  89
  -69  64  -26
  -1  76  52
  -46  107  127
  -68  74  -79
  -34  89  44
  -45  88  -34
  2826  73  35
  -77  78  -15
  -86  59  65
  2816  78  -63
  -86  101  -156
  -45  40  286
  -80  61  126
  -86  95  -69
  -77  34  -119
  -82  41  -77
  -38  79  -237
  -46  101  -77
  -82  81  -12
  -39  48  -69
  -43  106  7
  -46  45  125
  -53  76  75
  -65  44  -106
  -69  77  -107
  -104  95  362
  -90  83  1
  -94  86  38
  -59  69  116
  -30  99  112
  -68  109  273
  -74  78  -117
  -36  51  -147
  -29  115  -90
  -65  73  -80
  -81  68  -6
  -65  109  -66
  -40  77  -169
  -19  81  -32
  -80  67  -6
  -25  62  -199
  -52  77  13
  -29  77  -38
  -98  71  -20
  -37  55  -29
  -19  97  -88
  -78  84  -119
  -49  76  -117
  -36  78  -23
  -24  56  -87
  -55  110  -124
  2820  106  -49
  -54  74  -65
  -19  77  -34
  -70  89  -115
  -79  72  35
  -53  77  68
  -86  61  -92
  -30  72  -16
  -34  121  105
  -81  91  31
  -70  53  -31
  2828  70  -111
  -29  75  550
  -59  83  334
  -31  51  -4
  -63  58  -72
  -55  79  54
  -26  99  -252
  -76  56  75
  2860  90  -96
  -64  65  0
  -81  44  -80
  -79  83  -105
  -22  87  359
  -69  64  -14
  -40  110  101
  -70  67  -3
  -5  83  550
  -79  -106  -15
  -52  76  -115
  -65  59  2
  -48  82  31
  -84  102  -46
  2839  55  -30
  -85  77  -96
  -33  42  -48
  -42  84  5
  -48  67  -53
  -34  61  8
  -73  85  382
  -39  91  8
  -42  81  -25
  -29  59  -51
  -56  109  -83
  -99  83  25
  -75  66  285
  -71  67  -9
  -56  59  14
  -25  50  -34
  -29  67  256
  -56  90  15
  -70  75  -20
  -36  88  22
  -37  77  87
  -57  82  276
  -27  48  354
  2825  71  102
  -86  86  94
  -57  52  17
  -12  80  -117
  -59  28  46
  -72  113  -68
  -68  92  -34
  -70  79  -124
  -18  64  -85
  -7  19  -207
  -126  88  -47
  -17  89  -20
  -31  31  342
  -27  48  -101
  -86  88  -49
  -33  97  -109
  -48  92  -81
  -56  86  -116
  -11  107  -58
  -31  64  -116
  -87  67  -94
  -49  73  10
  2825  65  -24
  -76  78  95
  -43  87  7
  -31  92  -108
  -47  77  287
  -23  74  325
  2829  77  -59
  -48  84  -137
  -84  75  -3
  -11  79  -127
  -73  76  -68
  -118  78  24
  -79  76  -207
  -88  59  114
  -29  69  308
  -48  103  124
  -76  60  -107
  -87  86  -97
  -97  77  66
  -24  70  272
  -54  71  53
  -51  89  92
  -29  97  320
  -35  75  -97
  -33  51  -46
  -34  92  -138
  -32  84  260
  -68  100  79
  -13  77  -19
  -33  95  45
  -19  69  108
  -48  52  -66
  -45  87  -24
  -63  70  -102
  2817  80  -44
  -71  126  3
  -31  96  -174
  -35  85  113
  -71  58  110
  -84  50  71
  -70  66  -113
  -77  48  -110
  -41  81  -31
  -40  55  20
  -86  61  -54
  -83  69  -17
  -59  98  -26
  -26  49  109
  -58  73  88
  -77  116  -48
  -48  72  -23
  -67  67  -64
  -55  69  86
  -61  72  -13
  -119  57  110
  -69  96  -120
  -81  99  293
  -5  72  -74
  -89  50  76
  -41  83  123
  -43  94  5
  -16  85  -63
  -56  45  -26
  -50  55  5
  -56  91  -117
  2826  101  -161
  -51  62  13
  -87  93  316
  -50  83  -107
  -56  74  -67
  -42  83  -45
  -29  77  -12
  -104  61  -181
  -35  54  -43
  -70  82  27
  -53  106  -11
  -38  69  -60
  -57  67  51
  -72  91  116
  -35  53  -68
  -82  40  -18
  -51  88  -85
  -65  93  -15
  -54  107  37
  -95  82  -112
  -26  96  -33
  -72  74  -49
  -66  76  112
  -81  77  118
  -72  95  -161
  -7  81  -111
  -26  86  -107
  -86  31  -59
  -57  74  28
  -63  99  -197
  -51  25  -169
  -19  62  -51
  -73  88  -199
  -28  73  -106
  -75  72  -50
  -49  123  -120
  -55  53  -19
  2819  84  89
  -80  83  -129
  -17  14  273
  -48  98  -47
  -28  94  272
  -79  85  -96
  -60  75  -43
  -69  98  -78
  -84  64  -35
  2822  88  -85
  -88  94  76
  -36  57  -50
  -67  68  -32
  -83  68  348
  -36  82  -92
  -48  61  13
  -75  50  -185
  -59  70  -97
  -60  81  -110
  -76  110  -229
  -49  120  -18
  -49  85  31
  -41  55  78
  -55  62  -28
  -63  70  70
  -27  69  110
  -58  62  -6
  -60  95  -34
  -67  107  99
  -109  87  127
  -47  72  -78
  -9  62  -21
  -90  104  -36
  -28  87  53
  -85  54  -23
  -3  65  -80
  -57  54  100
  -57  75  89
  -37  65  15
  -23  68  264
  -43  70  119
  -119  68  51
  -53  75  60
  -93  64  -51
  -35  101  93
  -107  67  -128
  -57  76  -128
  -35  108  -49
  -95  103  -18
  -8  74  -154
  -34  86  46
  -18  107  -87
  -43  106  45
  -35  68  -83
  -71  41  287
  -72  92  -162
  -92  56  315
  -76  60  108
  -21  55  44
  -2  95  -81
  -53  90  349
  -44  71  74
  -123  64  307
  2819  70  -201
  -63  70  365
  -107  89  -51
  -23  71  -27
  -34  80  -11
  -84  93  89
  -50  82  291
  -39  63  293
  -53  81  -104
  -39  76  301
  -73  72  329
  -27  97  -158
  -15  81  -54
  -89  58  -67
  -86  80  -175
  -69  71  -65
  -27  62  -46
  -60  52  -112
  -46  79  -150
  -44  84  -37
  2842  87  -244
  -70  44  -65
  -94  93  94
  -35  88  -45
  2834  86  260
  -55  78  -94
  -48  86  -12
  -83  79  -42
  -66  70  25
  -24  81  32
  -27  94  48
  -61  62  -23
  -41  29  -44
  -32  79  365
  -32  116  50
  -53  14  36
  -58  30  333
  -56  95  -140
  -98  89  -172
  -40  106  361
  -39  87  98
  -34  83  -150
  -11  102  -13
  -10  86  -40
  -36  87  35
  -48  68  -117
  -68  82  -23
  -34  90  -56
  -51  56  278
  -70  72  283
  -49  55  -83
  -53  75  -40
  -86  57  89
  -27  65  -124
  2827  63  -65
  -70  69  8
  -7  62  53
  -62  80  109
  -37  79  -148
  -45  78  104
  -118  59  -94
  -15  100  -99
  -65  94  -204
  -49  95  76
  -64  98  -137
  -13  74  286
  -56  92  72
  -37  59  -61
  -16  81  125
  -91  71  -74
  -98  68  -102
  -36  70  -33
  -29  84  -14
  -18  90  -184
  -113  110  -90
  -85  57  -12
  -70  90  290
  -72  41  -58
  -43  94  -108
  -84  74  -57
  -30  99  -73
  -28  73  -157
  -56  54  -143
  -62  27  -119
  -45  77  113
  -52  59  -18
  -72  97  56
  -44  77  -102
  -62  86  -184
  -50  67  94
  -52  65  -69
  -41  94  -133
  -64  68  -59
  -82  87  35
  -59  88  -41
  -47  60  294
  -84  84  257
  -43  67  36
  -71  64  -4
  -51  66  -61
  -58  88  117
  -36  88  -22
  -62  78  -47
  -49  87  266
  -56  84  119
  -59  66  65
  -26  95  -8
  -45  94  8
  -48  98  -61
  -53  106  -89
  -76  46  121
  -55  91  -124
  -40  80  29
  -51  40  -98
  -39  45  -62
  -55  81  300
  -25  41  -86
  -65  105  -21
  -88  70  -35
  -34  50  32
  -22  58  -113
  -40  81  39
  -18  65  -96
  -101  59  76
  -42  90  347
  -42  95  54
  -13  58  95
  -43  106  123
  -79  89  -76
  2822  75  -113
  -43  74  53
  -29  97  -44
  -58  65  0
  -52  56  -56
  -41  65  -111
  -60  70  -201
  2829  46  -115
  -52  23  88
  -50  89  68
  2824  103  -160
  -3  38  31
  -50  74  256
  -96  69  -58
  -103  69  -138
  -51  105  262
  -63  97  -14
  -97  76  -53
  -22  112  85
  -101  100  88
  -39  70  6
  -14  28  -56
  -48  115  367
  -42  63  -59
  -1  51  117
  -33  89  -103
  -24  105  -90
  -10  48  121
  -63  72  -15
  -104  80  117
  -69  80  -215
  -77  81  -82
  -78  65  -1
  -43  70  -197
  -45  65  -246
  -56  48  -10
  -25  87  127
  -76  58  272
  -61  78  -179
  -11  101  -32
  -49  83  -58
  -69  60  -5
  -59  17  67
  -43  58  270
  -64  73  -77
  -67  75  303
  -29  74  -97
  -92  47  -8
  -35  59  95
  -55  96  -128
  -79  63  -40
  2874  112  -183
  -72  70  -13
  -30  81  -71
  -84  85  -56
  -12  100  -87
  -52  81  67
  -63  79  109
  -109  60  72
  -42  62  31
  -38  60  -157
  -35  87  318
  -38  46  338
  -5  74  297
  -69  68  -12
  2818  79  -214
  -84  55  35
  -59  73  -36
  -87  91  286
  -36  81  -124
  -13  79  -105
  -108  75  -2
  -43  49  360
  -91  59  -116
  -62  54  -45
  -100  86  329
  -61  115  -217
  -75  92  65
  -74  112  -91
  -45  75  -68
  -64  87  -69
  -66  70  317
  -32  89  340
  -26  88  -2
  2818  57  100
  -47  80  -125
  -57  81  -172
  -101  94  71
  -67  87  107
  -61  84  -108
  -46  107  90
  -65  90  37
  -28  100  -94
  -45  92  -27
  -15  69  -72
  -70  63  -107
  -74  80  -45
  2817  65  -53
  -39  79  38
  -16  110  -30
  -65  71  -46
  -29  51  -65
  -72  -124  -10
  -12  108  -97
  -68  56  -84
  -57  93  257
  -30  74  256
  -33  77  -131
  -89  82  71
  -55  68  -36
  -61  101  -48
  -44  52  268
  -64  99  -57
  -23  -5  -110
  -51  99  293
  -82  91  298
  -20  14  -97
  -37  61  -121
  -50  70  339
  -50  99  304
  -67  71  257
  -39  89  630
  -35  73  6
  -23  44  -47
  2856  88  -111
  -66  68  80
  -48  78  -35
  -76  109  10
  -15  121  -14
  -24  54  55
  -70  73  20
  -40  87  12
  -38  43  -68
  -70  76  55
  -76  65  -256
  -53  94  70
  -4  102  -20
  -21  40  -100
  -37  77  91
  -37  51  -15
  -59  59  81
  -95  89  -187
  -36  105  -41
  -103  116  -43
  -88  75  78
  -94  72  -13
  -28  76  -44
  2819  51  -93
  -27  60  -159
  -12  72  -32
  -60  91  20
  -86  97  73
  -59  65  -177
  -30  95  -60
  -71  78  98
  -79  48  -126
  -61  82  108
  -63  83  96
  -15  64  -33
  -58  83  -15
  -57  85  -67
  -12  87  48
  -48  88  -69
  -57  62  -72
  -29  42  42
  -54  71  -61
  -54  101  45
  -86  104  -62
  -82  77  19
  -116  74  -90
  -72  73  -89
  -44  63  -69
  -83  65  -1
  -21  83  -97
  -98  95  -13
  -74  87  32
  -8  67  -30
  -75  38  349
  -70  53  -68
  -61  69  -26
  -23  81  98
  -18  74  75
  -52  69  -436
  -26  86  96
  -28  90  346
  -8  63  -110
  -49  86  -103
  -47  95  -46
  -26  71  39
  -57  67  -113
  -85  106  -193
  -51  53  -66
  -106  102  -139
  -52  61  277
  -50  81  124
  -58  71  272
  -38  73  -84
  -52  105  21
  2820  91  16
  -56  100  -49
  -45  55  14
  -55  68  -7
  -43  87  -168
  2828  66  -184
  -67  78  -17
  -69  77  -7
  -61  72  -242
  -67  99  -125
  2822  55  50
  -58  86  -51
  -63  59  -107
  -32  65  -108
  -106  46  -18
  -26  84  -98
  2826  96  -161
  -64  106  -54
  -66  72  -68
  -44  74  327
  -11  55  -79
  -79  95  -115
  -39  58  61
  -3  19  10
  -74  0  527
  2840  106  -91
  -61  113  256
  -99  85  -112
  -89  68  -52
  -33  74  -29
  -33  58  263
  -25  83  -115
  -51  45  -120
  -60  64  29
  -22  88  55
  -1  95  -52
  -86  85  -53
  -62  75  -95
  -69  83  79
  -43  97  77
  -40  107  -53
  -73  76  125
  -7  84  14
  -47  117  -125
  -41  43  74
  -24  37  100
  -56  74  -76
  -15  71  122
  -37  69  -75
  -37  84  -18
  -34  56  -26
  -27  76  -78
  -80  92  -1
  -6  112  -88
  -57  92  -12
  -40  78  88
  2683  99  -103
  -17  98  44
  -56  78  -98
  -24  95  115
  -59  64  12
  -108  71  11
  -82  81  366
  -16  84  112
  -47  66  -70
  -69  94  -6
  -36  104  -80
  -34  79  72
  -63  73  88
  -40  74  53
  -48  96  -116
  -58  57  -110
  -68  107  -12
  -90  81  48
  -65  94  102
  -45  85  -83
  -59  81  -219
  -46  93  -109
  -75  81  -92
  -73  82  -61
  -16  65  43
  -50  88  -32
  -64  75  -80
  -35  93  -113
  -16  104  -189
  -50  105  -19
  -54  54  -239
  -93  90  -25
  -70  93  110
  -99  40  -78
  -59  77  -5
  -26  60  620
  -47  78  -20
  -45  74  -20
  -13  70  -55
  -6  77  347
  -80  77  273
  -27  37  -87
  -57  74  -161
  -52  68  -102
  -92  92  318
  -67  82  -96
  -78  78  -54
  -66  90  70
  -30  67  -52
  -48  70  47
  -27  85  -234
  -59  82  98
  -26  87  -29
  -36  58  -17
  -70  62  26
  -39  85  -88
  -53  99  -69
  -64  78  66
  -74  59  -93
  -101  81  -28
  -17  104  -109
  -20  58  -50
  -18  74  -143
  -9  57  68
  -59  72  42
  -117  31  -19
  -8  75  78
  2822  61  -170
  -34  50  -125
  -66  21  -25
  -57  89  -59
  -70  93  -52
  -66  52  -127
  -67  7  -45
  -3  77  335
  -25  81  263
  -32  80  370
  -12  58  -133
  -36  81  -47
  -46  68  349
  -60  51  -51
  -47  98  -31
  -63  113  381
  -52  72  118
  -57  51  -175
  -69  78  89
  -63  75  -114
  -28  67  114
  -56  59  -77
  -88  94  -5
  -15  71  73
  -44  64  -152
  -26  106  -42
  -67  54  101
  2820  71  -59
  -80  82  -47
  -55  95  -2
  -48  7  115
  -57  74  -43
  -84  88  256
  -14  113  28
  -2  94  66
  -57  68  -80
  -19  100  -11
  -75  79  347
  -85  79  41
  -20  87  -57
  -60  73  29
  -62  -123  -13
  -117  88  37
  -52  72  38
  -60  68  -61
  -92  55  -187
  -55  66  -213
  -82  54  -60
  -43  85  -58
  -88  82  66
  -81  74  100
  -97  67  -64
  -110  65  -131
  -65  69  -23
  -31  57  -25
  -16  105  59
  -6  66  -255
  -113  84  -161
  -107  90  -73
  -79  56  -66
  -61  71  -101
  -63  67  -99
  -42  88  93
  -95  84  96
  2827  76  298
  -25  72  23
  -101  87  -146
  -49  96  -42
  -51  94  -42
  -55  70  -21
  -47  92  -39
  -44  64  -114
  -34  85  -114
  -64  66  97
  -107  101  341
  -79  71  -26
  -50  81  -50
  -43  110  126
  -47  73  343
  -37  48  353
  -38  71  -92
  -37  112  59
  -91  98  315
  -10  72  59
  -45  55  -37
  -54  85  -162
  -16  96  85
  -61  58  -6
  -70  79  297
  -27  85  75
  -58  84  -69
  -57  108  101
  -45  64  48
  -38  102  -5
  -30  55  -32
  -23  63  -94
  -61  77  -91
  -47  79  86
  -58  87  335
  -39  89  -81
  -61  87  100
  -52  94  -78
  2816  80  -243
  -22  75  -61
  -24  114  -52
  -72  72  -112
  -64  47  263
  -71  26  37
  -75  52  79
  -72  82  295
  -14  28  326
  -41  52  78
  -71  106  95
  -54  107  337
  -51  95  -74
  -48  77  -34
  -55  86  102
  -24  39  17
  -28  61  -11
  -56  48  -11
  -42  56  -41
  -28  72  -105
  -51  46  -125
  -24  48  -80
  -65  51  -171
  -89  48  -44
  -21  87  -90
  -56  102  306
  -97  68  -25
  -2  76  -154
  -103  60  74
  -1  117  -89
  -23  60  -132
  -39  104  -127
  -79  56  -101
  -41  67  24
  -89  72  -198
  -6  111  -20
  -34  98  381
  -37  85  -18
  -99  85  13
  -66  80  9
  -52  52  -74
  -69  64  -93
  -61  58  -4
  -44  85  104
  -72  75  36
  -78  96  -143
  -27  77  317
  -85  77  -3
  -71  77  83
  -53  61  104
  -47  74  -23
  -72  95  -81
  -80  75  -26
  -59  87  -46
  -17  92  37
  -64  90  34
  -89  58  36
  -43  88  122
  -84  81  -23
  2818  25  -164
  -24  68  -105
  -80  59  95
  -63  28  -124
  -59  89  -256
  -54  78  123
  -68  99  -39
  -83  63  95
  -54  89  68
  -80  101  309
  -41  59  -41
  -30  66  318
  -119  92  -126
  -56  47  -55
  -50  61  -87
  -45  89  308
  -81  108  10
  -52  63  111
  -63  54  -111
  -47  62  123
  -63  85  72
  -93  56  -85
  -56  78  21
  -45  93  256
  -66  76  268
  -81  91  -7
  -26  74  -108
  -101  72  43
  -49  97  -92
  -10  58  -14
  -67  81  -59
  -31  70  -123
  -66  99  -26
  -106  70  308
  -26  40  -166
  -73  72  19
  -88  50  -220
  -30  75  -102
  -36  95  7
  -86  71  54
  -58  63  -73
  -67  79  18
  -88  86  -110
  -42  83  0
  -42  84  -11
  -48  81  27
  -33  76  -101
  -34  51  -92
  -86  59  81
  -96  45  -215
  -75  90  -10
  -59  44  95
  -24  60  64
  -48  99  91
  -51  38  381
  -82  70  -5
  -40  111  275
  -104  84  285
  2824  66  116
  -4  64  25
  -52  72  44
  -16  82  -155
  -54  60  -3
  -41  59  -98
  -4  90  -78
  -77  81  -43
  -19  88  354
  -37  97  -7
  -66  89  -34
  -85  72  93
  -6  64  -23
  -38  71  596
  -62  67  -22
  -65  71  -58
  -58  112  -98
  -59  39  -108
  -20  84  -109
  -22  54  79
  -42  57  45
  -93  47  -136
  -43  86  -73
  -47  74  122
  -37  58  -83
  -46  63  117
  -6  89  105
  -5  60  56
  2818  77  -34
  -41  77  91
  -42  91  -201
  -104  97  -397
  -97  85  98
  -47  94  -116
  -67  82  333
  -75  71  -39
  -50  118  -69
  -114  86  -115
  -19  69  -29
  -15  73  -196
  -17  119  74
  -7  88  282
  -85  76  -112
  -31  93  39
  -35  95  -80
  -71  86  338
  -79  119  -46
  -45  76  -99
  -100  72  341
  -33  82  344
  -86  95  -36
  -26  103  -181
  -67  34  -200
  -99  56  65
  -72  86  -31
  -72  74  -115
  -36  66  -28
  -70  73  -242
  -55  89  257
  2823  79  -20
  -72  110  -107
  -73  107  -70
  -22  64  -7
  -13  58  -76
  -46  85  -41
  -82  76  370
  -65  69  -14
  -41  76  -105
  2818  87  -92
  2826  79  -109
  -50  70  113
  -37  111  101
  -49  71  34
  -36  54  -194
  -51  74  116
  -42  66  295
  -46  67  -125
  -23  79  46
  -40  82  -109
  -92  62  -52
  -35  70  292
  -53  83  52
  -46  96  -5
  -45  72  278
  -30  70  -75
  -51  92  269
  -49  77  -120
  -16  68  51
  -82  103  -86
  -9  65  -4
  -65  93  -6
  -66  74  -158
  -52  88  -129
  -58  79  321
  -49  94  -65
  -32  56  -72
  -66  78  -63
  -106  70  -12
  -65  51  -107
  -35  103  -213
  -84  107  -7
  -8  40  280
  -45  57  -124
  -81  120  100
  -36  68  -189
  -3  73  -67
  -90  76  -12
  -28  114  -177
  -28  103  -107
  -45  99  -68
  -25  52  127
  -15  58  -3
  -31  102  -121
  -42  77  289
  -61  89  -39
  2820  55  2
  -32  65  120
  -55  87  352
  -101  63  -23
  -14  57  -17
  -76  59  309
  -76  83  61
  -15  68  -69
  -24  72  -71
  2821  58  -3
  -17  83  -17
  -49  80  -26
  -60  89  30
  2829  79  -73
  -90  69  283
  -43  63  88
  -70  82  -120
  -104  67  -69
  -76  61  69
  -93  54  118
  -85  75  -119
  -22  106  302
  -102  66  9
  -6  78  -123
  -23  42  120
  -78  119  -114
  -35  91  -84
  -122  79  62
  -35  83  -10
  -49  96  69
  -81  79  35
  -62  71  -57
  -59  65  -86
  -64  48  -30
  -48  68  -120
  -66  81  -61
  -91  73  8
  -32  71  34
  -84  85  -24
  -100  105  -86
  -58  56  304
  -90  73  -9
  -57  73  -77
  -75  69  361
  -76  85  39
  -67  76  -129
  -51  87  -67
  -50  74  -15
