  -28  81  -15
  -65  61  22
  -29  51  -172
  -51  89  -62
  -23  75  -49
  -22  91  -151
  4  82  -57
  -76  92  102
  -9  32  -215
  -92  76  50
  -74  75  -74
  -29  79  9
  5  37  -91
  11  92  -227
  -39  78  -132
  -23  55  -183
  -55  53  -7
  -50  67  -220
  -47  71  81
  -17  54  -126
  -35  70  -6
  -8  93  -40
  -35  91  -221
  -58  97  -92
  -44  92  -77
  -20  70  -108
  -43  90  82
  -72  53  91
  -69  96  -51
  -42  75  -121
  -11  63  83
  -28  90  -122
  -78  72  -227
  -15  65  -61
  -27  8  -105
  -15  57  -39
  12  86  -194
  -26  58  -117
  -65  71  14
  -59  44  50
  -12  60  -81
  -55  85  32
  -15  66  6
  -57  32  66
  -57  70  -41
  -24  78  -100
  -59  55  -120
  -30  99  -28
  -36  63  -232
  -53  77  5
  -12  73  -60
  -33  57  -120
  -77  70  -42
  -7  55  74
  -27  67  116
  -17  48  -80
  -43  67  -63
  -50  52  28
  -32  100  -4
  -5  73  -2
  -67  80  -40
  -32  56  -69
  -43  44  -242
  -26  56  115
  -71  42  -128
  7  59  -125
  -2  73  79
  3  66  84
  0  60  -179
  15  64  -15
  38  57  -154
  67  90  -67
  -63  80  -105
  17  62  -41
  -39  67  -42
  -43  98  -1
  -70  98  29
  -13  65  -160
  8  89  111
  0  56  55
  -33  69  -18
  -103  70  -39
  -115  55  310
  -25  73  50
  -42  91  -121
  -38  74  279
  -78  84  -40
  3  70  -36
  -35  73  -183
  -4  51  -161
  -41  46  -108
  -55  73  80
  -15  83  -37
  -25  22  -246
  -58  44  44
  -73  90  -44
  -4  81  125
  -85  73  -120
  -38  87  -23
  32  53  -98
  -25  64  26
  -61  58  13
  -34  72  -40
  -88  76  -48
  -79  53  -94
  -50  59  328
  -25  98  -127
  -104  71  -119
  -2  47  81
  -17  71  -156
  -88  23  -46
  -87  68  -426
  -27  59  -120
  -74  84  -90
  -58  68  -115
  -16  57  -61
  -37  55  -245
  -35  49  72
  -14  88  71
  -76  79  41
  -39  82  65
  -15  91  319
  -36  68  -76
  -39  61  -53
  -70  31  -103
  -14  75  61
  -26  54  123
  -53  90  -87
  5  56  107
  -47  97  -63
  -37  88  -49
  -59  58  -71
  -66  76  -67
  -52  91  -93
  -57  61  -114
  -38  50  -132
  -39  69  -185
  -47  99  -75
  -12  42  314
  -27  63  -89
  -13  66  -80
  -2  61  -84
  -70  60  -251
  -35  55  -106
  31  74  -66
  -75  89  -1
  -90  72  21
  -42  71  -101
  -53  76  -25
  -21  58  55
  21  48  -103
  -54  52  -189
  -11  83  12
  -44  89  345
  -52  64  -115
  -38  92  -44
  -49  93  -203
  -5  22  294
  -10  65  59
  -43  69  -79
  -22  71  77
  -42  69  117
  -41  54  263
  -45  77  14
  -53  102  7
  -3  76  -60
  -72  55  -11
  -51  46  -7
  -47  90  -115
  -34  20  -33
  16  77  -234
  -47  82  -180
  -51  52  40
  -16  51  99
  -25  85  61
  8  31  -15
  -59  70  307
  -33  99  -22
  -51  65  127
  -12  76  -166
  -45  42  -102
  -8  79  -117
  -64  78  -221
  -32  44  -147
  -39  93  -26
  18  61  -173
  -14  67  -101
  -31  70  -52
  12  45  -82
  -70  51  -15
  -44  54  -215
  -43  92  -106
  -73  53  -81
  -56  81  -111
  -29  103  -497
  -94  47  19
  -2  59  -97
  -52  43  -15
  -37  94  -95
  18  101  -90
  -54  47  -210
  -31  49  -58
  12  83  -55
  -60  66  30
  -92  77  113
  -45  76  -51
  -86  79  -119
  -97  -123  25
  2  15  -66
  -53  69  -102
  -83  56  16
  -42  73  -250
  -50  73  -72
  -50  78  -169
  -67  41  -165
  -11  89  -23
  -8  94  40
  -32  56  -18
  6  83  -73
  -27  48  70
  -37  92  -37
  -51  80  -7
  -52  62  -104
  -72  67  46
  -4  64  -23
  -5  86  -89
  -65  71  306
  -64  89  84
  -47  110  -29
  -43  62  -117
  -68  116  -186
  -56  69  -86
  14  83  -176
  -52  60  -31
  -16  74  12
  -71  94  26
  -39  69  -30
  -11  71  269
  -8  57  -72
  -40  76  -52
  1  45  -58
  -102  117  -124
  -54  65  -103
  -55  69  34
  -40  57  -4
  -53  80  -12
  -16  36  -117
  -27  78  -182
  -11  67  -41
  -60  54  125
  -33  72  -93
  -51  78  -33
  -46  87  -3
  -52  86  -21
  -48  65  -238
  18  71  -55
  -42  77  -392
  -29  72  -250
  -58  71  -119
  -18  88  -27
  -57  98  -181
  -57  98  110
  -17  63  -138
  -21  68  -83
  -25  62  -118
  5  88  360
  -51  67  -43
  -57  54  18
  -25  60  123
  -55  81  65
  -27  95  10
  -41  96  -5
  -41  89  -23
  -68  67  -63
  -14  87  -18
  -34  47  -118
  -24  105  52
  -70  74  -23
  -32  77  -80
  -61  95  -76
  -44  24  80
  -52  51  -120
  -15  76  -66
  -54  81  -114
  -47  75  -173
  -59  73  -96
  -7  48  -86
  -46  41  -184
  -45  57  42
  -7  50  -54
  -19  62  50
  -14  55  99
  -28  47  29
  -50  43  -47
  -66  77  -429
  -53  77  289
  -39  43  -41
  14  76  292
  -32  56  -76
  -36  55  91
  -67  96  96
  -29  79  -113
  9  77  -5
  -41  60  -6
  -44  79  -207
  -44  52  -85
  -49  58  261
  -43  46  -28
  -60  98  -136
  -58  73  -123
  -57  92  -180
  -64  80  76
  -55  70  -138
  -75  82  104
  -4  65  -205
  -33  80  -195
  -18  77  -140
  -58  64  41
  -10  89  -401
  -23  58  38
  -55  95  -70
  -28  39  -108
  25  68  82
  -61  98  -126
  -28  99  -94
  -76  68  -90
  -36  125  -9
  5  53  31
  -18  90  -46
  -55  62  21
  -41  38  -205
  15  95  263
  -27  49  -107
  -31  39  -69
  4  86  268
  -51  104  21
  -2  63  363
  -10  83  -36
  -54  68  -17
  -19  75  -16
  -51  63  -90
  -86  100  -70
  -50  107  34
  34  62  -409
  -55  89  -395
  -26  51  100
  -48  46  -71
  -12  84  126
  -1  60  -94
  -50  95  283
  -36  61  -29
  -3  54  -37
  -53  114  -168
  -62  59  38
  2  71  -121
  -28  88  104
  -1  61  -34
  -1  58  -240
  -27  50  -23
  -9  75  -46
  -18  37  -149
  -53  90  80
  -30  50  -182
  -29  33  -61
  -41  69  -65
  4  79  -478
  9  67  64
  6  88  279
  -62  62  -221
  -4  87  -213
  -84  83  -106
  -94  46  -113
  -7  67  -83
  -37  34  -92
  -108  54  256
  35  80  23
  -13  46  335
  15  62  -17
  -88  61  -172
  -14  90  -68
  -70  55  -113
  -37  82  15
  6  82  -1
  -78  93  -118
  -60  72  -111
  -56  70  122
  17  77  82
  -21  66  -100
  -36  47  -92
  -20  64  -33
  -20  77  121
  -75  63  56
  -83  75  37
  -42  93  -60
  -42  49  -90
  -69  74  -148
  18  74  -101
  -56  76  -3
  -4  70  321
  -24  49  116
  -30  31  54
  -54  69  -64
  -31  80  -119
  22  65  47
  -41  116  -225
  -29  77  24
  -7  60  -660
  -21  90  -41
  -38  45  -17
  -61  47  -59
  -69  58  -97
  -57  80  -68
  -43  47  37
  -3  91  -30
  58  40  26
  -29  72  -50
  -79  66  -41
  -38  75  -115
  -64  99  -121
  -32  93  24
  -14  65  -4
  -39  76  -196
  35  39  -169
  -55  78  -84
  -62  87  -21
  4  67  -121
  -94  68  -144
  -61  71  -169
  -18  47  351
  -46  82  297
  -48  55  -177
  9  98  -238
  -53  53  -33
  1  73  89
  -61  46  -43
  -54  83  -24
  -23  78  -53
  -56  87  -67
  -25  96  -32
  -12  67  -39
  -82  49  38
  -61  31  39
  -70  56  66
  -24  69  -31
  -42  53  -18
  -27  62  -10
  -77  64  -167
  -70  31  -20
  -68  59  -4
  4  82  -100
  -30  83  -75
  -23  68  -107
  -45  40  -218
  -21  61  -36
  -24  72  -56
  -55  78  -68
  -3  100  -122
  -51  39  -23
  -16  51  -49
  -16  66  -13
  -38  113  -25
  -48  56  -111
  -63  75  -151
  18  98  -134
  6  60  70
  -96  50  43
  2  63  -488
  -81  66  -158
  -23  30  -187
  -14  70  -501
  -48  87  -93
  -45  41  -100
  -15  75  -90
  -62  37  -72
  5  93  -90
  31  75  -4
  -15  40  45
  -32  43  -44
  -5  83  32
  -7  61  126
  -18  43  81
  -29  53  -54
  -36  45  349
  1  66  -91
  -32  50  -190
  -33  63  -256
  -54  86  -204
  -79  54  -32
  -2  90  20
  -58  28  -196
  -69  75  -13
  -30  45  -148
  -53  52  272
  -56  104  -86
  -27  45  -183
  -8  47  307
  -45  83  -118
  -46  68  -17
  5  54  -486
  -30  82  78
  -14  42  46
  -20  14  -37
  -63  76  -234
  -11  64  58
  -38  52  -112
  -62  68  83
  -12  72  -106
  -60  55  -111
  -6  70  -5
  -32  92  -2
  -76  100  -3
  -26  57  46
  20  57  -132
  -18  88  -210
  -6  83  348
  -25  88  -85
  -20  82  -78
  -42  73  88
  -28  88  296
  -7  94  -79
  -12  70  76
  -70  68  -20
  3  60  -11
  -87  61  281
  -68  98  -208
  -19  46  -89
  -47  58  -178
  -68  57  -55
  -48  80  -234
  -33  75  350
  -45  65  -183
  -52  65  -127
  -64  78  -123
  -61  75  -121
  -19  82  -125
  -48  80  -152
  -43  74  -17
  -84  42  -471
  -25  60  -192
  -64  83  32
  -31  54  119
  -47  71  -249
  -10  68  -10
  -69  89  -42
  -68  107  -42
  3  70  -451
  -20  58  -116
  -75  57  84
  -40  55  42
  -18  41  -190
  -22  52  -108
  10  74  -71
  -46  31  -123
  -65  82  -109
  -50  75  19
  -55  59  -117
  -69  64  18
  -9  82  -166
  -22  57  -256
  -32  30  -73
  -53  94  -34
  -66  49  -210
  0  82  -53
  -37  61  -58
  -65  82  -170
  -52  50  15
  -9  72  -41
  -7  79  -97
  -62  101  -16
  -40  88  -30
  -41  52  -91
  -6  25  -159
  -48  52  -88
  -34  58  74
  26  63  -67
  -49  36  22
  3  77  -92
  -20  77  -68
  -56  55  -96
  -40  67  -75
  -83  79  -161
  7  77  -230
  -19  60  -23
  -76  54  -26
  -2  68  -12
  -65  58  -55
  -22  45  -4
  -16  79  46
  -18  93  59
  -43  71  -81
  -40  101  -50
  -50  39  -157
  -50  50  -60
  -30  93  98
  -37  71  -49
  -83  60  -67
  -36  53  -153
  -56  60  83
  -35  73  -64
  -56  28  6
  -43  93  67
  -42  57  -76
  -61  95  -39
  -22  56  19
  -50  46  -17
  -3  61  -13
  16  74  -420
  -51  73  -126
  -93  36  -142
  -40  83  -44
  -34  40  46
  3  81  -24
  -55  56  -108
  -17  58  -415
  -82  72  32
  -60  65  -11
  -45  88  -95
  -55  96  -91
  16  49  82
  -11  66  23
  -32  38  -79
  -31  98  3
  -46  96  -256
  -55  97  -163
  -91  68  -140
  5  83  6
  -12  56  -216
  -49  56  123
  0  58  -58
  -3  85  -145
  -18  55  31
  -15  73  -42
  -56  48  -408
  -81  68  -77
  -56  53  -70
  -60  64  -4
  -29  81  -65
  -19  62  -102
  -21  88  125
  -41  48  -115
  -20  40  -238
  -4  60  -69
  -68  84  1
  76  91  -125
  -61  71  259
  -32  59  -137
  -47  56  -123
  -2  57  -115
  -49  66  12
  -24  68  98
  -28  82  -119
  13  43  69
  -10  86  -127
  12  30  -178
  -83  97  -46
  -64  50  -249
  -12  78  -219
  17  66  -75
  -15  58  361
  -32  90  -68
  -7  62  -92
  -60  79  -26
  -39  38  55
  -21  65  -124
  -27  50  -256
  -32  60  -27
  -40  23  6
  4  62  -111
  -64  81  -57
  -34  65  -4
  -32  74  91
  -53  80  -193
  5  52  -113
  -4  64  -231
  -49  53  97
  0  41  8
  -77  58  29
  -92  66  48
  -53  84  -173
  -22  41  -80
  -41  80  -54
  -18  53  262
  -15  83  59
  -69  62  288
  -55  63  -8
  -35  59  90
  -19  60  -109
  -77  46  116
  -49  69  -114
  -31  65  -76
  24  73  -157
  -29  38  -181
  -25  72  -227
  -76  92  92
  -97  69  -43
  -29  70  -117
  -27  59  52
  -49  97  75
  -67  83  -119
  -63  89  -245
  -71  61  -252
  -16  77  20
  -41  35  -79
  -43  57  -142
  -71  58  -114
  -23  30  85
  -23  96  323
  -10  55  -5
  -41  55  -34
  -46  72  -51
  -12  58  51
  -55  93  6
  -30  91  -118
  35  85  -26
  -17  56  -55
  -33  43  25
  -21  64  -84
  -75  86  287
  -10  52  -115
  -49  115  -94
  -28  88  -15
  -20  76  37
  -46  72  -2
  -46  81  368
  -86  77  -7
  -61  45  -125
  16  75  -68
  17  77  275
  -51  79  -39
  -25  77  -11
  -71  57  -254
  -41  34  -181
  -87  54  -158
  -22  62  -61
  -70  74  -96
  -20  89  -147
  -7  64  -191
  -42  102  -4
  -67  64  -244
  -56  56  -68
  -40  71  -55
  -12  63  -50
  -58  68  -96
  -31  48  55
  -12  61  -13
  -76  82  -249
  -45  63  -167
  -30  80  -62
  -46  55  -102
  -34  72  -37
  -39  63  17
  -41  77  -121
  -31  58  -77
  -26  55  -66
  9  74  73
  -9  42  -125
  12  100  -102
  -20  78  -29
  -47  59  -130
  -18  58  22
  -51  66  7
  -73  48  -118
  -18  101  -122
  -28  60  55
  -65  72  -152
  -71  34  51
  -25  66  -121
  -27  63  -95
  -68  88  -123
  -23  89  -28
  -18  78  -116
  -42  55  -158
  -28  71  -48
  -62  82  -120
  -1  70  -47
  -20  31  -37
  -38  92  -183
  -78  66  88
  -67  66  14
  -58  56  27
  -68  101  -51
  -24  82  -160
  -108  60  -223
  -46  61  9
  -37  64  -83
  -4  55  -474
  -63  21  -46
  -28  76  -39
  -43  65  301
  -29  44  -17
  -1  71  -5
  -7  61  -118
  -86  36  -70
  -58  63  260
  -60  68  -125
  -6  33  -39
  -27  52  -49
  -27  59  -53
  -16  67  -100
  -42  37  -188
  -61  89  -11
  -45  83  -207
  -83  75  -389
  -44  90  -129
  -73  73  88
  -27  75  -22
  -87  94  -31
  -28  85  122
  -36  93  -109
  -49  70  -465
  8  56  56
  2  65  -51
  -39  48  -39
  -92  64  -123
  -69  102  -39
  -76  21  -126
  -25  55  56
  -68  64  -236
  -55  53  -122
  -53  78  -160
  -34  67  -229
  -66  63  -12
  -35  75  -36
  -114  56  257
  -41  74  49
  -104  78  -58
  -19  69  -21
  -57  69  -54
  -54  84  -99
  -55  45  -53
  -5  83  -57
  -32  68  13
  -22  74  -108
  -39  67  -81
  -25  80  21
  -58  87  112
  -24  70  -170
  -6  70  -82
  -79  72  -17
  -15  94  102
  -52  84  -1
  -41  81  -80
  -16  86  -73
  -28  51  -48
  -17  57  120
  17  42  -22
  -45  76  -55
  -59  66  -74
  -35  36  -82
  -33  92  -94
  -36  82  -56
  0  87  -91
  -24  44  118
  -38  72  -119
  -121  67  -187
  -56  95  -98
  -76  65  -205
  -69  62  -31
  -12  71  -10
  -34  80  105
  -24  23  50
  -12  65  -225
  -47  53  19
  -24  95  -21
  -67  55  -110
  -20  25  -248
  1  59  65
  -44  61  -74
  -28  65  -141
  -30  66  -150
  26  50  -49
  -76  57  -435
  -60  107  -100
  -42  81  -31
  -40  68  65
  -35  74  -96
  -40  71  -213
  -54  49  89
  -7  71  70
  -35  66  35
  -87  50  12
  -32  64  -64
  -45  86  -162
  -48  53  18
  -14  78  -248
  -28  55  -115
  6  35  -46
  -46  77  -119
  -48  64  -18
  -29  68  -47
  -48  49  -94
  -23  68  -193
  -12  49  -67
  -56  79  69
  -71  69  -114
  -89  39  -30
  3  54  57
  -30  65  127
  53  14  4
  -21  23  -79
  -58  63  76
  -32  61  80
  3  88  -39
  -34  77  -120
  -38  96  -89
  -42  56  -52
  -4  71  -48
  -44  77  -30
  0  52  -93
  -16  90  -25
  -11  80  52
  -44  39  83
  -3  62  -98
  -39  74  -99
  -13  80  -118
  -75  80  -21
  -2  92  -20
  0  66  -64
  -69  38  -5
  -39  99  -220
  -50  87  -134
  -13  77  52
  -13  75  -10
  -47  90  -16
  -70  69  -103
  -55  77  -117
  -83  61  123
  -49  67  -65
  -44  83  40
  -8  95  77
  -27  94  14
  37  74  313
  -32  104  380
  -92  67  -25
  -41  73  -68
  -49  43  -205
  -56  83  -60
  -20  57  -210
  0  78  -29
  -49  71  41
  -60  80  -70
  -57  93  84
  -26  83  -117
  -35  52  -27
  -71  92  -62
  -17  48  -4
  -11  78  -73
  -12  62  53
  7  87  -83
  -31  80  -48
  -7  75  -126
  -35  84  104
  -77  70  -30
  -60  46  -49
  -45  60  95
  -85  66  -22
  -25  75  -109
  -17  34  -201
  -52  77  14
  -29  68  -220
  -2  74  18
  -17  52  -71
  -38  71  20
  -41  34  99
  -48  86  8
  -55  68  -140
  -90  103  -509
  -36  77  64
  7  80  -94
  11  41  -234
  -57  38  -40
  -16  62  -44
  -69  87  -228
  21  40  -11
  -36  49  30
  -8  80  -37
  -28  64  21
  -32  77  307
  -35  81  -1
  -34  67  8
  -34  78  -30
  -47  45  27
  -17  54  -146
  -40  83  -129
  -51  66  106
  -68  93  -236
  -5  98  -207
  -5  69  -146
  -15  56  85
  -23  60  -54
  -68  82  -161
  -67  91  -63
  23  64  -230
  -25  121  -15
  0  49  -96
  -73  113  -48
  -12  63  5
  -7  103  -104
  -26  75  -19
  -42  89  120
  -46  31  -20
  27  117  -161
  -89  84  32
  -55  89  323
  2  37  -4
  -55  48  -20
  -66  76  -404
  -3  72  -65
  -56  34  -55
  -22  77  -42
  -44  64  -109
  -4  78  -45
  -41  92  -25
  -39  83  46
  -23  84  -113
  -43  52  -153
  -46  89  -81
  -71  64  -92
  -21  81  46
  -33  74  -108
  -42  70  48
  -81  87  -202
  -81  83  44
  -33  58  -129
  14  74  -84
  -10  82  126
  -35  76  -170
  3  51  70
  17  65  -115
  3  35  -35
  -38  75  -13
  -36  48  -84
  1  72  -47
  -20  78  81
  -15  96  -109
  -84  110  100
  -68  100  -181
  -45  81  -77
  -33  95  287
  -14  101  -77
  -44  45  -155
  -48  63  -3
  -43  50  -388
  -33  98  116
  -29  41  -97
  -35  60  -20
  -42  49  14
  -35  32  104
  -77  46  -44
  8  109  81
  -25  33  -119
  -37  61  -68
  -3  74  -122
  -22  55  -206
  -4  85  -109
  -70  59  -69
  -46  68  25
  -54  67  -183
  -21  72  -167
  -46  60  -19
  1  59  -222
  -23  62  -5
  -51  88  68
  -7  35  97
  9  70  -50
  -39  72  -22
  -35  71  -10
  -21  74  -97
  -28  88  -115
  -102  41  -155
  0  74  119
  -17  90  1
  -57  71  41
  -57  53  -126
  -18  47  51
  -5  64  41
  -68  51  -164
  -66  25  105
  -57  79  -87
  -48  104  -70
  -75  64  54
  15  65  -85
  -68  68  -12
  -53  70  -173
  -55  90  -98
  -11  64  -78
  -65  50  -122
  -21  62  41
  -35  71  304
  3  97  121
  -26  91  311
  -57  50  0
  -25  41  -169
  -73  67  -105
  -77  63  -61
  -56  42  -19
  -25  49  -35
  -15  56  -213
  -36  79  -53
  -10  60  -7
  -21  55  72
  0  77  309
  -61  76  -56
  -33  71  -182
  -43  55  -39
  -50  88  -213
  7  81  -13
  29  67  48
  1  83  -98
  -32  79  -107
  -44  68  -93
  -29  76  -121
  -32  79  -246
  -41  81  311
  25  40  104
  -38  62  -59
  -70  68  54
  23  79  -97
  -9  90  37
  -82  76  -90
  -29  66  -84
  -61  61  91
  7  68  -24
  -69  55  71
  -17  72  48
  -6  65  -158
  -71  42  -48
  4  77  -154
  -37  80  -200
  -19  90  -203
  -16  108  -154
  41  51  -13
  5  77  104
  1  59  -106
  -62  71  8
  -12  52  -69
  -50  44  -185
  -25  50  -54
  -11  48  77
  18  70  -81
  -58  64  -66
  -59  51  -117
  -46  50  274
  -9  109  -20
  -38  48  532
  -2  31  -19
  -53  88  -107
  -24  47  -84
  -71  45  316
  -56  62  301
  -21  60  319
  -5  36  -148
  -83  53  40
  -52  73  -54
  -10  60  -37
  -30  47  -99
  -53  80  -6
  -22  43  -69
  -27  61  -35
  -37  59  362
  -26  79  -123
  -59  54  -82
  -37  74  302
  -29  79  2
  -72  58  -45
  -24  103  -175
  -52  111  -81
  -10  82  -47
  -25  98  -7
  13  54  -124
  -61  57  -56
  -55  91  -91
  -52  73  370
  -27  70  -252
  -32  64  -68
  -66  59  -388
  -28  51  308
  18  86  18
  -53  58  -13
  -72  49  -161
  -18  75  -59
  -40  76  -484
  -32  83  -223
  -14  89  -59
  -24  80  -24
  -43  66  -44
  -73  77  -119
  -7  39  113
  -20  70  -99
  -44  86  -113
  -40  76  -138
  35  56  -101
  41  40  -100
  -79  63  -184
  -37  32  -113
  -60  70  -126
  -35  84  91
  -83  94  105
  -26  76  -24
  -27  50  -204
  -55  82  -194
  -109  59  -17
  26  36  -103
  -14  54  111
  -37  40  272
  -33  75  66
  17  102  65
  -48  89  -215
  -56  70  -77
  -27  76  -105
  7  71  37
  -41  71  -74
  -118  72  -91
  -29  87  -50
  -7  52  34
  -30  58  -225
  -58  67  -17
  -27  104  -54
  -75  52  54
  -35  29  297
  -71  42  -49
  26  66  -100
  -9  70  109
  -52  40  -43
  -9  102  -175
  -53  59  -25
  -64  72  53
  -43  51  -188
  -96  72  -128
  -27  65  -41
  31  88  -107
  -32  54  6
  -38  96  -73
  -71  54  -72
  -30  72  -103
  -6  21  -15
  -76  56  -63
  -42  40  278
  -46  95  -89
  -38  42  -47
  -22  71  -59
  -47  50  -67
  0  58  46
  -90  84  -122
  24  91  -95
  -40  58  79
  1  76  43
  -46  56  -49
  -21  62  17
  18  82  7
  -55  45  -105
  -63  65  53
  -37  49  -137
  -57  56  73
  -30  73  -49
  -25  58  -177
  -57  75  11
  -59  92  -115
  -59  44  -144
  -19  60  -15
  -17  80  79
  19  96  -116
  -41  77  -116
  -45  61  -157
  -30  102  -128
  -43  76  -17
  -8  15  -12
  -33  78  -12
  -41  55  -189
  -40  71  105
  -17  57  -15
  -38  52  -83
  -82  59  76
  -16  43  -385
  -37  79  -77
  -46  52  -128
  1  60  -189
  -51  90  -56
  -32  86  -60
  -18  94  -244
  -32  75  -79
  -58  81  -60
  -51  58  -100
  -34  60  -120
  -31  60  92
  -39  83  122
  3  38  -73
  -15  68  101
  -59  58  -77
  -55  76  -242
  -42  53  353
  13  55  -84
  -17  64  -104
  -10  67  -208
  -33  57  -75
  -3  74  -128
  -54  81  -137
  -47  61  -230
  -59  59  -242
  -36  82  -10
  -82  70  -125
  -18  60  -38
  -16  64  -153
  -62  74  -425
  -17  55  5
  -39  69  -165
  -39  76  0
  -70  82  -170
  -48  73  20
  -17  67  369
  -84  66  79
  -60  88  54
  -68  92  -11
  37  53  -53
  -77  63  -113
  -27  63  -11
  -91  50  95
  -22  75  73
  -20  62  -93
  0  62  -78
  -46  36  86
  -22  78  -55
  -44  87  -120
  -19  73  45
  -44  70  -217
  -61  54  -25
  -49  97  -109
  9  49  116
  27  38  -123
  -59  53  -127
  -60  74  -86
  -44  37  29
  -19  47  -19
  -65  100  -115
  -24  41  -220
  -38  81  -45
  -79  52  -29
  -43  101  -30
  9  63  325
  2  44  -228
  -45  66  27
  -20  52  -185
  -40  77  -231
  19  54  -24
  -27  53  -216
  -21  78  -10
  -24  67  -82
  -35  66  69
  -88  85  -44
  20  73  -196
  -18  110  -181
  -41  80  -40
  -77  70  -46
  -37  48  -133
  -4  79  -96
  -43  95  -7
  -33  30  -34
  -53  54  -117
  44  84  -160
  -88  45  -51
  -16  72  -105
  -28  44  27
  -22  64  -190
  -34  65  -84
  -57  56  -28
  -66  75  -124
  -49  52  103
  -17  75  -160
  11  72  -57
  -3  67  52
  -84  62  -31
  8  68  -117
  -12  69  -33
  -51  58  -150
  -55  76  -118
  37  63  68
  -15  77  -166
  -21  92  45
  -24  81  -191
  -60  53  -72
  -31  65  -219
  -8  83  -74
  -16  52  -129
  -61  81  -251
  3  51  -50
  -58  55  50
  0  43  -58
  -58  70  -70
  -5  50  -118
  -49  50  -83
  -24  73  -203
  -70  60  65
  -63  72  35
  -23  65  -137
  -32  87  101
  -29  51  31
  4  51  -202
  -61  107  -145
  -24  91  -110
  -43  85  25
  -22  65  -179
  -17  70  106
  -72  38  -238
  -49  61  -105
  -27  77  -44
  27  67  -193
  -25  70  -22
  -41  57  380
  -24  75  -142
  -7  64  -64
  -28  58  -174
  -37  55  -93
  -10  108  -238
  2  52  -116
  -70  73  -135
  -30  53  -175
  -49  59  -161
  9  72  -220
  -53  76  65
  -17  43  -246
  6  46  11
  -101  74  -186
  -72  83  -196
  -35  48  -25
  -4  56  -214
  5  73  -5
  -13  72  -178
  -26  41  370
  -38  62  -148
  -26  69  -117
  -64  82  -192
  -48  87  21
  -23  87  2
  -78  81  351
  -22  39  -250
  -43  39  -42
  -49  82  -108
  -1  66  65
  -54  79  85
  7  46  7
  7  65  -29
  -34  61  -142
  -31  75  -221
  0  70  -64
  -85  74  -63
  20  85  -170
  -40  78  100
  -56  75  6
  -58  76  -36
  -50  66  -1
  -12  52  -12
  -59  77  46
  -21  63  41
  -59  61  -137
  -19  76  -59
  5  105  66
  -23  66  -5
  -26  41  16
  -85  65  52
  -22  46  75
  -43  32  19
  -1  99  -34
  -59  66  -49
  35  33  -86
  -45  87  -52
  -47  69  81
  21  86  -125
  -14  91  11
  -65  40  -28
  -73  47  -84
  -41  87  126
  31  94  113
  -46  79  18
  2  72  -38
  -10  37  -229
  -10  90  -81
  -50  57  -53
  -40  56  -40
  -18  81  -36
  -36  56  -14
  -10  99  49
  -33  96  -1
  0  48  81
  -65  54  -39
  -30  46  -141
  -31  48  -167
  -72  83  -121
  -39  75  -65
  -58  67  349
  -9  45  -238
  -24  57  -176
  -31  82  -1
  11  83  -9
  -32  81  -185
  -23  71  -418
  -80  90  -93
  -35  45  -28
  -16  67  31
  -66  77  -94
  -38  56  -396
  2  61  -104
  -17  42  5
  -52  54  -114
  -38  68  89
  -4  106  -50
  -28  48  -191
  -28  72  -124
  -53  52  12
  -82  108  310
  -28  107  -48
  -17  89  -146
  -1  91  37
  -29  54  -100
  -45  94  -50
  -17  78  -49
  -7  71  -429
  -71  63  -208
  27  67  -203
  -16  73  46
  7  75  -63
  -24  45  -120
  -31  60  -47
  9  77  -171
  -67  79  -416
  -48  76  54
  -58  83  -6
  -20  61  25
  -23  83  -117
  -93  87  118
  -31  89  -185
  -12  51  -104
  -80  68  -51
  -50  110  -103
  2  36  -106
  -50  70  343
  -71  70  -209
  -37  79  -15
  -13  65  79
  -46  56  -166
  -50  81  -21
  -85  75  -194
  -13  91  -159
  -38  73  -201
  -84  54  -144
  -63  67  -55
  -55  36  -179
  -82  73  70
  -16  82  -82
  5  90  -71
  -42  65  31
  16  49  -109
  -56  74  -122
  -67  40  -19
  -7  52  -122
  -45  65  30
  -30  96  -94
  -16  79  35
  -14  81  101
  -28  56  -35
  -53  55  -3
  -40  103  87
  -102  56  -61
  -58  82  -156
  -26  66  -88
  0  56  -46
  -22  52  -20
  -22  77  -156
  -42  51  -191
  -66  58  -190
  -57  60  -26
  -11  67  -100
  27  78  -130
  -39  109  16
  -56  103  -163
  -63  53  -54
  -32  55  -137
  -20  59  -141
  -37  43  -67
  -32  75  -91
  -43  82  -10
  -99  47  -399
  -17  45  -135
  -20  50  -165
  -52  71  -195
  -51  47  -15
  -54  61  3
  -50  57  -80
  -57  98  -39
  -20  58  -126
  -38  55  11
  1  94  -81
  -30  84  -48
  -1  100  -105
  -15  93  -214
  -52  49  -33
  -59  80  54
  -34  97  41
  -35  82  119
  -46  39  -113
  -86  49  -40
  -1  86  -20
  6  76  -28
  -77  88  -173
  -7  85  48
  1  50  -58
  -8  72  -216
  -51  109  41
  -31  79  297
  -18  67  100
  -26  57  -68
  -60  49  -64
  -36  83  18
  -39  82  -135
  14  80  -40
  -60  83  -416
  -11  75  -102
  -34  68  -36
  -41  64  -42
  -56  49  72
  -27  73  -122
  -46  66  375
  -48  77  66
  -51  66  -49
  -64  80  -121
  -49  53  17
  -40  113  9
  15  86  -135
  -6  98  91
  -35  36  126
  -25  60  -53
  -35  46  -102
  -44  83  -68
  -50  70  13
  -47  68  17
  -70  33  105
  -80  53  -72
  -52  89  -120
  26  85  -205
  -103  54  -178
  -61  54  -18
  -38  44  -409
  -18  96  38
  -86  69  -7
  -47  23  30
  -42  74  -30
  -9  45  -117
  -24  43  -177
  11  67  35
  -34  55  -147
  -78  63  -50
  -40  70  -392
  -17  104  -37
  -41  23  -47
  -38  65  -87
  -32  78  -121
  -46  61  -71
  -60  44  -113
  -19  100  -168
  13  61  -71
  17  71  72
  -96  80  269
  -32  101  283
  -44  97  -218
  -33  69  -114
  -35  74  -113
  -103  51  -108
  -22  45  -8
  -22  34  -52
  -48  74  -95
  -1  78  -54
  26  75  -36
  -79  57  -122
  -33  76  -27
  -61  38  -83
  -43  94  330
  -46  82  -41
  -75  46  25
  -49  49  -97
  -53  62  16
  -35  66  -20
  -74  68  109
  -37  76  -127
  -43  34  -45
  -30  72  -72
  -21  44  -36
  -53  109  -84
  -59  47  -122
  -24  56  -197
  -18  57  -433
  -16  72  -120
  -70  53  99
  -43  41  85
  1  55  -23
  -40  52  -86
  -18  58  -247
  -60  65  -1
  -37  85  98
  -46  49  127
  -12  72  -234
  -35  98  -32
  -25  74  61
  -35  79  -428
  -3  81  51
  -58  48  -88
  -58  55  74
  -29  64  -119
  -42  40  -69
  -59  50  -196
  -26  47  -102
  -13  73  97
  -31  66  -54
  -98  56  -34
  9  37  -5
  -38  68  115
  -15  66  -31
  -71  42  -126
  -23  67  -99
  -15  80  -62
  -44  60  -88
  -47  60  -93
  21  69  22
  -49  69  -203
  -41  69  -26
  -26  59  -22
  -13  80  -242
  -1  60  16
  -81  67  -98
  -37  66  -73
  -1  90  -68
  -25  99  256
  -69  83  -79
  1  50  -110
  -16  31  -128
  -48  89  -229
  -1  74  3
  -31  67  -253
  -20  59  17
  -30  71  109
  -38  57  4
  -19  60  69
  -53  58  -100
  -43  58  9
  -28  77  10
  -50  65  30
  -36  42  29
  -23  48  -114
  -66  53  -111
  -43  80  -44
  -63  93  33
  -63  32  -249
  15  82  24
  -42  72  -31
  -45  88  111
  -63  70  -82
  -37  91  329
  -42  77  -48
  -37  82  -82
  -8  63  -61
  -25  45  -2
  -74  66  -187
  -53  47  63
  -14  69  -37
  -42  88  -20
  -35  62  -34
  -39  62  -109
  -5  81  -136
  -71  82  54
  -73  74  4
  -17  74  -51
  -35  80  -1
  -38  84  -241
  -58  82  -32
  34  44  12
  -33  72  -121
  -20  75  43
  -38  63  -16
  -35  83  14
  -69  78  -49
  -34  78  -38
  -17  71  -11
  -45  92  77
  -101  51  270
  -41  46  -48
  -41  85  118
  19  55  -160
  -32  85  -107
  -60  54  -113
  -3  80  40
  -51  66  -177
  -52  86  12
  -48  72  -15
  -16  86  -136
  0  80  -72
  -60  68  91
  8  82  -3
  -9  34  -245
  -40  77  -21
  -42  81  -397
  -38  84  -31
  -51  28  29
  -81  68  70
  5  83  -486
  -1  31  -33
  -80  114  -34
  -17  56  -129
  -25  38  -57
  1  58  -114
  -33  87  -125
  -44  65  -122
  -89  25  -204
  -50  50  -139
  -87  50  -68
  -1  52  28
  -55  34  -46
  -39  68  -178
  -36  63  105
  -66  68  -438
  -31  83  -119
  -61  62  -167
  -57  97  -193
  -31  67  -112
  -29  51  -160
  -49  60  -169
  -33  91  -85
  -46  83  -160
  -31  41  21
  -11  64  96
  -68  86  -227
  43  60  108
  9  47  -129
  -9  56  -411
  -38  67  51
  13  50  -17
  -54  61  -61
  -83  50  52
  -46  56  -144
  0  56  -149
  -25  75  -46
  -8  85  -128
  -48  78  -154
  -40  34  23
  -25  93  -39
  -28  61  -103
  -84  49  -198
  -72  67  39
  -79  74  -98
  -49  71  -390
  -64  64  -103
  -79  74  -125
  -75  68  -32
  14  75  -52
  -30  72  90
  -16  76  335
  -31  19  -122
  -39  88  54
  -17  64  -62
  -28  85  -423
  32  64  40
  -64  40  7
  -20  58  -46
  -75  79  -39
  -48  79  -427
  -29  63  -244
  -37  63  -169
  -80  49  299
  -44  79  -95
  -34  60  -25
  3  76  -69
  -60  71  118
  -29  96  53
  -47  70  10
  -11  93  -16
  -31  90  -26
  -35  50  -29
  -30  64  -175
  9  78  -251
  -18  54  -124
  -36  56  41
  -50  70  -170
  -43  72  -27
  -23  63  -97
  -56  41  -107
  -15  47  -175
  -68  62  273
  0  14  -487
  -11  71  -505
  -1  37  -30
  -55  69  68
  -94  53  -41
  -51  89  -244
  -68  97  6
  -41  60  93
  -54  71  -158
  -43  81  -101
  -49  64  59
  -73  80  -213
  -39  93  -102
  -20  73  -110
  -55  66  -81
  -59  60  28
  -80  78  -54
  -6  62  -134
  -88  16  -8
  -67  47  6
  -15  102  -228
  -14  76  92
  -67  67  115
  -80  45  294
  -26  33  -120
  -39  80  -149
  -38  75  104
  -89  92  260
  -24  66  -39
  -7  79  71
  -66  79  -60
  -40  59  -36
  -9  52  53
  -60  79  36
  -56  69  23
  -44  101  -74
  -14  77  113
  -58  102  -62
  -96  79  -181
  -53  71  -203
  -7  73  -40
  -51  63  -124
  -44  66  -123
  -38  89  77
  -75  51  -98
  -16  16  -235
  -28  94  -18
  -82  58  -13
  -25  61  -389
  -11  73  -116
  -20  53  -4
  -4  98  104
  -60  63  18
  -64  58  -245
  4  54  -104
  -24  81  -431
  -63  55  -87
  -69  79  -444
  27  88  -98
  -12  37  -248
  -64  79  -189
  -22  54  -40
  -20  39  -83
  11  20  -75
  -60  33  86
  -72  83  -25
  4  120  67
  -68  69  -140
  -19  88  -189
  -10  83  96
  21  95  -178
  -48  37  -4
  -4  44  -116
  3  78  -13
  -56  58  -60
  -75  58  -68
  35  67  -7
  13  33  -103
  44  39  278
  -35  102  -14
  -49  66  -81
  0  61  -16
  -3  109  -183
  -50  62  61
  -14  33  46
  -43  42  100
  -79  61  -58
  -51  72  -75
  -23  66  68
  -97  81  -35
  -32  22  -131
  -26  92  -64
  -15  80  -208
  -43  70  123
  -52  46  -14
  -37  82  77
  -39  88  22
  -62  107  -113
  -51  49  -154
  -21  97  16
  -28  49  55
  -55  25  -43
  -15  53  114
  -43  59  42
  -50  61  -62
  -24  108  -217
  -63  58  -70
  16  49  -61
  -16  96  -253
  -50  71  -15
  -25  65  -31
  13  90  -28
  -67  51  -117
  -93  63  -141
  -32  62  -58
  -39  59  -32
  -11  49  -90
  -32  73  -143
  -60  42  -168
  -35  50  -20
  -56  58  58
  -51  63  378
  -8  62  -95
  15  49  10
  -25  45  -23
  -22  66  -88
  -49  59  56
  -25  92  -14
  -14  64  -3
  -36  98  -20
  -90  84  -127
  -28  57  108
  32  59  -249
  6  46  61
  -18  67  -26
  -84  87  -19
  8  21  -244
  -4  81  -13
  -46  79  111
  -28  95  76
  -69  59  24
  -48  93  -21
  -36  73  -147
  -35  69  -122
  -50  67  -77
  -18  61  -432
  -24  58  -143
  -84  61  -141
  -33  61  -130
  5  67  106
  -21  96  46
  -42  64  -99
  -71  97  -111
  -87  64  22
  -34  28  -109
  -75  98  -391
  -45  90  -79
  -53  63  -55
  -14  82  44
  -28  78  -59
  -21  48  264
  8  68  -34
  -33  65  294
  -55  87  -46
  5  68  -156
  -114  92  4
  -79  78  -228
  -45  84  116
  -59  34  -185
  -67  71  -12
  -139  72  -131
  5  51  29
  -45  45  -50
  -49  78  -203
  -48  47  277
  -12  65  -106
  -42  49  7
  -31  23  -126
  -78  63  -42
  -25  69  -159
  -23  85  113
  -51  76  79
  9  38  -114
  -35  64  2
  -53  109  -81
  -43  38  -25
  -84  37  -73
  -45  58  -88
  -62  82  109
  -56  71  -106
  -35  65  -18
  -4  32  -92
  -11  69  11
  -93  66  -178
  -59  50  -55
  -25  35  -60
  2  65  357
  -34  66  -103
  -48  82  -122
  -90  74  40
  -52  54  45
  -73  59  -99
  -29  67  -37
  12  61  100
  -98  47  -22
  -43  33  113
  -17  65  -72
  -31  51  -62
  -78  53  -41
  -79  93  -128
  -43  78  30
  -48  53  -125
  -2  76  17
  -47  77  -196
  -19  73  52
  -39  73  284
  -39  90  -71
  -34  60  -80
  -68  79  -244
  2  87  46
  -21  85  -57
  -15  56  -123
  -14  63  -109
  -56  59  -65
  -19  62  -109
  -75  83  -21
  -21  60  -87
  18  76  -104
  -50  50  69
  -31  45  -95
  3  56  104
  18  29  -117
  -73  62  -59
  -55  85  -61
  -57  54  -80
  -82  56  -150
  -33  68  -120
  -72  92  -123
  16  51  55
  -18  75  -127
  -76  98  -232
  -61  74  -13
  2  58  -187
  -36  75  -485
  -90  73  -114
  -19  86  -57
  -78  74  275
  -10  89  -48
  -73  64  -95
  -41  64  -242
  -30  55  12
  -62  35  -49
  -38  93  -105
  -48  73  -54
  -78  65  -405
  -48  64  -86
  -23  83  42
  17  91  75
  -29  58  -113
  -54  59  16
  14  47  -41
  -17  68  -73
  -76  85  -75
  -42  92  -110
  11  54  -31
  -83  57  125
  -41  69  -124
  -27  56  -58
  -24  77  -22
  -23  94  -162
  -69  71  -433
  -57  99  86
  -18  87  -185
  -27  91  8
  -63  75  -130
  -23  56  60
  -12  85  -5
  24  67  -220
  9  64  -221
  -45  89  127
  -33  74  50
  -21  46  -143
  -44  71  -59
  -20  89  -198
  -33  49  -45
  35  77  118
  -81  71  59
  -56  69  -54
  -84  13  -100
  16  58  -8
  -42  70  -68
  -30  78  102
  -14  103  -48
  -64  67  -94
  -60  33  66
  -68  33  38
  -3  33  -158
  -26  55  -13
  11  68  -50
  -66  32  -39
  10  79  -152
  -25  58  -55
  -11  45  94
  -93  73  112
  -51  61  42
  -2  37  101
  -6  53  58
  -21  89  -111
  -40  86  -15
  -1  68  25
  -15  51  -103
  -36  57  -138
  -12  58  -42
  -76  66  -96
  -51  81  -33
  -18  22  283
  1  96  -20
  -25  81  -141
  -51  45  89
  -35  52  -182
  -62  66  298
  -46  34  -161
  -24  91  -78
  28  67  -144
  -1  37  103
  -48  81  -115
  12  99  -110
  -18  80  6
  -41  40  54
  -130  66  -94
  -9  68  -82
  81  80  -74
  -6  71  -188
  -44  70  -93
  -63  75  -155
  -20  55  -120
  -39  74  -108
  -70  55  -118
  -14  46  -166
  -20  88  -7
  3  50  122
  -29  58  -147
  -35  68  115
  -28  66  -216
  -24  31  -116
  -37  58  -20
  -42  68  41
  -77  54  -74
  -18  94  -36
  -50  74  -121
  -10  67  -82
  -29  114  112
  -38  79  -57
  -44  80  79
  -14  93  -21
  22  77  -119
  -18  52  -165
  -17  79  -95
  -82  78  -105
  -4  87  72
  17  61  -416
  -26  77  16
  -47  25  -39
  -23  71  -67
  -38  61  -175
  -53  101  349
  -69  76  -45
  -1  42  -80
  -22  71  -175
  -54  77  -24
  -69  73  -88
  -31  84  104
  -26  93  307
  -55  43  -17
  -12  68  -85
  -26  85  -202
  -84  74  -195
  -44  48  -9
  -70  59  -87
  -72  79  -425
  -10  85  119
  -56  70  -250
  -30  51  -394
  -62  89  77
  -89  46  -21
  -21  44  -203
  14  74  -26
  -61  77  -120
  -52  30  -133
  -29  61  30
  -65  64  -169
  -38  70  -194
  -73  62  -25
  -22  61  -36
  -43  60  -30
  -67  74  30
  -73  94  -240
  -54  78  -107
  -20  55  -70
  -74  56  -83
  -32  60  -45
  -8  70  80
  -39  83  -61
  24  53  -77
  -10  86  -3
  -37  82  -202
  -63  77  69
  -57  64  -82
  -102  73  -28
  -42  59  -81
  -48  47  -6
  -14  65  -156
  -9  72  -3
  -58  75  -106
  -12  90  126
  -29  73  -109
  -60  62  15
  -20  78  -55
  -35  62  -43
  -34  91  -96
  -6  89  -23
  -58  64  -26
  -43  70  -122
  -7  87  91
  -74  60  40
  -1  79  -113
  -12  46  -154
  9  73  -177
  -40  69  -240
  -18  65  264
  -18  65  -45
  -97  54  -95
  -70  55  -227
  -11  59  -64
  -22  17  -102
  -43  82  91
  -48  67  -45
  -43  60  -38
  -42  80  -205
  -67  36  -2
  -66  39  31
  -74  87  -192
  -8  70  -143
  -51  66  -168
  -46  72  16
  -36  58  87
  0  54  -68
  22  81  -61
  -49  59  -155
  -53  111  -207
  12  101  -239
  -43  56  -115
  -51  51  -115
  -36  75  -245
  -10  59  -106
  -74  61  -91
  3  107  88
  -75  75  -113
  -61  65  -120
  -34  66  -112
  -25  58  -242
  -75  67  -117
  -35  66  -160
  -43  61  -122
  -13  74  -47
  -15  78  -89
  0  66  100
  -40  51  84
  -53  83  -84
  -101  87  39
  10  87  -117
  -38  65  -93
  16  67  -169
  -31  59  44
  -4  65  -113
  -41  68  -75
  -70  63  -61
  -99  62  79
  -35  68  -133
  -30  79  -43
  -35  71  -69
  -29  93  -168
  -46  74  -87
  -32  94  -112
  -28  78  -57
  -37  83  -30
  -46  64  -60
  -8  65  -61
  -9  75  56
  -38  63  17
  26  76  -187
  28  70  33
  -29  79  -109
  -45  34  -177
  -47  80  373
  -45  88  -17
  -37  80  -38
  -56  62  -117
  -27  80  -47
  -45  79  -29
  -37  61  84
  -42  60  80
  -58  68  -179
  0  9  106
  -57  49  -164
  26  69  3
  -58  41  256
  -18  95  1
  -42  67  -173
  -35  86  3
  -57  72  -6
  16  93  -8
  -21  69  -36
  -54  49  -179
  -17  29  26
  -5  26  -88
  -53  56  -196
  -54  96  -77
  -27  46  -1
  -33  74  39
  -53  42  -8
  -86  80  26
  -34  70  -90
  44  69  -13
  -53  61  -21
  -30  74  -112
  -57  44  -20
  -24  86  -13
  -5  62  113
  -63  71  -150
  -26  53  -18
  -77  64  -236
  -84  50  27
  16  69  -15
  -96  105  -18
  -27  82  -216
  -23  60  -166
  47  75  -146
  -76  45  -72
  -32  65  34
  -76  61  85
  -32  77  -20
  2  91  72
  -34  89  48
  -7  52  50
  -57  51  -23
  -65  78  -248
  -24  40  -82
  -18  67  -61
  2  34  40
  3  76  -68
  -11  53  -143
  -19  57  89
  -35  58  -54
  -46  82  -172
  -67  57  -62
  -64  73  -209
  -17  79  -163
  -86  70  41
  -53  85  -100
  -5  55  -120
  24  79  -224
  -70  80  33
  -70  70  -104
  -42  91  -188
  -16  109  -4
  -42  116  -112
  -11  41  22
  -9  52  -130
  -26  68  51
  17  49  -126
  -30  81  -72
  -49  60  -18
  -54  59  -187
  -8  43  -81
  -72  62  -127
  -22  113  85
  -56  66  -190
  -34  41  74
  -63  38  -249
  -53  44  -73
  -4  86  -29
  10  60  -135
  -55  75  -25
  -32  53  73
  -41  69  -237
  -73  73  -196
  -63  47  -36
  -69  88  -108
  -51  96  -149
  -50  58  -111
  -34  64  30
  -24  70  63
  -11  71  -133
  -96  97  339
  -18  92  -101
  -68  86  62
  -58  41  41
  -37  36  -34
  -35  65  -247
  -13  81  -15
  -22  49  -174
  5  80  -117
  -17  90  -249
  -45  73  -118
  -52  71  -60
  -32  54  32
  -52  68  347
  2  87  -65
  -23  43  -11
  -46  45  -18
  -46  76  -142
  -53  101  -47
  -48  48  -205
  -39  64  -137
  10  100  86
  -45  23  113
  -63  49  -68
  -33  61  -254
  17  68  -1
  -74  91  -104
  -59  60  88
  -19  77  -187
  -37  75  -68
  -51  62  -133
  -17  52  -168
  -14  73  -65
  -33  79  -110
  -13  71  41
  -21  98  15
  -15  62  -38
  -66  64  77
  -91  82  109
  2  64  -59
  -41  54  -2
  -52  61  -121
  15  83  18
  -16  52  -96
  -21  68  -14
  -137  77  -389
  -45  78  -7
  -43  96  13
  -69  89  104
  -37  64  -17
  -52  62  -115
  21  77  58
  -72  73  -63
  -33  69  -101
  -45  72  -65
  -40  95  -59
  -38  55  -64
  1  73  -109
  -58  32  -106
  -64  41  -27
  -15  33  -390
  -6  68  -31
  -24  90  -83
  -58  73  12
  -32  64  -53
  -21  100  78
  -37  91  -82
  -30  53  -93
  -7  83  -128
  -32  47  -124
  -73  66  -45
  -56  79  -121
  -40  67  -126
  7  73  -49
  -59  51  -26
  -2  67  37
  -16  66  -194
  -14  87  -38
  -48  76  52
  -22  48  -107
  -68  75  -208
  -11  51  38
  -1  107  10
  -12  42  -145
  -35  71  367
  -55  80  -449
  -16  84  -87
  -38  85  55
  -53  78  -81
  -64  80  42
  -25  83  -4
  -6  83  265
  -86  85  126
  -80  66  -85
  -38  78  -202
  -59  70  51
  -89  72  -66
  -24  59  69
  -14  59  -84
  -22  48  120
  -54  61  -34
  2  64  -190
  4  39  23
  -47  87  -42
  -28  72  -80
  -62  77  -181
  -32  41  -119
  2  67  -50
  -27  108  -63
  -46  63  -8
  -13  69  -94
  13  48  73
  -33  46  54
  -83  57  -237
  -53  64  44
  -2  70  -31
  -36  103  -103
  -12  43  272
  -25  61  -64
  -48  92  58
  -7  99  34
  -17  58  13
  -5  54  -1
  -68  56  19
  -80  76  22
  6  37  -66
  -57  89  -115
  -52  103  33
  -12  53  19
  1  83  -506
  -34  59  -129
  18  79  -109
  -47  85  -62
  -71  78  126
  -37  60  29
  6  101  -34
  13  69  -75
  -97  46  33
  -34  80  -68
  -70  87  66
  -36  63  71
  -59  74  -31
  -29  58  -46
  9  55  -69
  -34  50  -226
  -38  51  -18
  -75  56  -90
  -30  73  -91
  -77  52  -17
  -48  68  -129
  -28  70  -19
  -62  93  -77
  -17  83  -111
  -15  88  -125
  -75  75  -126
  -55  64  42
  -42  72  -103
  -35  78  -70
  -14  54  -74
  -10  78  -157
  -28  85  -121
  -17  59  -65
  4  59  124
  -45  82  -114
  -46  71  -68
  27  91  -20
  46  58  -56
  -54  68  -218
  20  61  -21
  -27  87  106
  -10  72  59
  -2  108  -40
  -9  53  -78
  5  64  100
  -62  62  -389
  -42  67  -95
  -35  84  -78
  -24  81  14
  -14  50  87
  -50  72  -225
  -33  70  -69
  -10  39  125
  -80  62  -28
  -50  76  -33
  -34  80  2
  7  71  -400
  -63  79  24
  -51  67  -218
  -25  61  -159
  -19  72  -47
  26  66  -186
  -15  44  -186
  -19  40  -108
  -50  93  -388
  -60  60  75
  -42  93  -170
  1  54  295
  -55  54  368
  -84  36  -7
  -6  63  -29
  -30  89  -13
  -16  61  -69
  26  63  -60
  -39  72  -33
  -18  82  -113
  -69  57  14
  -2  53  -137
  3  32  39
  -52  93  48
  26  69  -197
  -33  48  -57
  -33  52  -127
  -54  54  -175
  -25  95  -26
  -3  75  7
  -27  57  -167
  -23  94  64
  -83  62  -74
  18  78  -147
  52  52  -34
  -51  55  -8
  -16  84  -153
  -19  56  259
  -12  52  -50
  -40  81  -217
  -10  64  -126
  -45  56  -97
  -62  65  -29
  -36  78  -197
  -79  67  123
  -90  84  313
  -25  103  -194
  -8  103  91
  -24  87  121
  -27  69  -198
  -75  50  -122
  1  71  -78
  -62  79  74
  -41  90  -200
  -51  84  -12
  2  48  28
  -78  49  -228
  -43  53  -21
  -55  76  -43
  -18  85  -190
  -33  85  56
  -36  96  78
  -33  54  -40
  -78  80  50
  -26  76  -55
  -64  66  -45
  12  62  -138
  -5  45  -47
  -61  74  -235
  -56  75  -227
  -8  71  45
  -131  69  83
  -66  76  -113
  -17  102  -5
  4  59  77
  -69  71  -27
  1  38  -184
  17  67  84
  -34  109  -126
  -85  79  -16
  -6  90  -3
  -40  87  -88
  -52  65  -55
  -25  60  106
  -32  58  -438
  -18  59  -206
  4  96  -125
  -19  79  -119
  -31  87  -94
  -77  83  -64
  -25  43  -221
  -1  79  -45
  -60  61  -36
  23  98  -140
  -40  74  -16
  -34  86  109
  -41  57  -52
  -59  73  -168
  -62  101  -1
  -38  79  -175
  -12  80  -130
  -61  45  -79
  -60  46  -252
  -19  91  -46
  -15  83  290
  -57  66  334
  -63  64  -31
  -21  66  -171
  -71  82  -109
  4  74  -99
  -28  58  -107
  -11  59  42
  -42  89  -112
  -94  60  -130
  -60  56  113
  -8  50  -133
  -22  81  -239
  -93  63  46
  -20  26  87
  -55  60  -102
  15  90  -7
  -28  38  -234
  -23  62  -81
  -20  89  -99
  -49  67  -207
  -23  57  -135
  -31  70  -24
  13  81  -41
  -11  50  -13
  1  78  73
  -49  104  -60
  -39  46  15
  -44  66  -164
  -28  37  310
  -5  90  -42
  -57  86  -442
  -26  97  -214
  -36  52  -116
  -32  69  -224
  -17  65  -138
  -20  65  -118
  -15  44  -58
  -10  87  27
  -44  30  -173
  8  55  -106
  -58  61  -122
  -42  69  -12
  -50  57  -36
  -45  94  -55
  -49  67  101
  -27  92  -137
  10  65  -144
  -40  31  -79
  -51  70  -68
  -44  68  -105
  5  41  75
  -42  62  -24
  -31  62  12
  -46  42  -120
  -11  104  -458
  0  28  37
  -52  81  -109
  -22  56  -108
  13  48  27
  -32  58  -101
  -81  100  -38
  -19  73  -75
  -34  51  -48
  -45  68  49
  -52  76  47
  -21  61  -22
  -13  33  62
  -33  78  63
  -55  73  22
  -17  83  -479
  3  84  -108
  -51  63  -98
  41  109  -68
  -33  60  -92
  -88  54  -72
  -24  92  -11
  20  80  76
  37  42  -65
  -5  80  -385
  16  88  -118
  -71  62  102
  -28  61  -63
  -53  55  -75
  -68  41  -47
  -67  92  119
  -5  64  117
  -41  54  -12
  -52  70  48
  -42  39  -157
  -60  65  -100
  -31  74  -39
  -45  79  -4
  40  79  -190
  -12  -128  -41
  -12  81  -175
  -46  70  -46
  -40  116  -42
  -7  97  -21
  -76  51  -174
  -85  93  109
  -51  63  -443
  -82  73  -34
  40  54  -90
  -37  96  -96
  -87  17  49
  -47  61  -114
  -34  52  -116
  -19  89  -466
  -40  79  -108
  -30  50  -69
  -77  72  64
  -12  61  80
  -63  72  15
  -20  85  -87
  33  71  -55
  -33  72  28
  -77  78  -64
  -55  56  -141
  -8  87  -94
  -57  73  -71
  -32  85  -82
  -52  56  326
  2  76  54
  -64  99  -109
  4  67  -210
  -17  40  56
  3  56  -112
  -30  94  -91
  -53  106  -79
  -1  68  -35
  -62  34  -173
  -29  80  -73
  -22  70  -102
  -92  64  -224
  -65  46  -51
  -22  78  -185
  -69  58  -418
  -32  61  -23
  -34  68  107
  -22  79  119
  -58  55  123
  -46  60  -108
  -38  60  -17
  -36  87  53
  -14  39  -79
  -59  71  -124
  -29  76  23
  -46  81  -49
  -30  80  -97
  -45  57  -35
  -3  61  -48
  -72  76  20
  -97  50  -54
  -45  61  -144
  23  70  -94
  -63  81  -62
  -27  68  -136
  -71  30  107
  -35  74  -103
  -24  73  -121
  -73  63  -171
  -7  67  92
  -28  98  -106
  -53  45  -200
  -18  54  26
  -30  80  -59
  -48  103  -44
  -8  67  -79
  -45  61  -34
  -51  70  -33
  -20  52  60
  -36  89  4
  -79  73  -166
  -46  90  -113
  -29  54  340
  -9  35  -94
  -11  56  -229
  -36  91  -48
  -30  80  -84
  -6  75  -248
  -82  91  -405
  -33  85  -247
  -91  43  -114
  -26  53  -34
  -31  47  -449
  -73  65  -41
  -22  53  288
  13  66  89
  -69  62  -245
  -47  100  72
  -38  80  -145
  -47  69  305
  -95  73  85
  -97  82  11
  -19  60  -243
  -2  90  67
  -61  70  50
  10  38  -95
  -38  39  -150
  2  29  -99
  -25  64  -95
  -24  74  -1
  -74  50  -120
  -40  52  32
  -39  54  -160
  21  58  -102
  -18  73  -35
  -45  84  -131
  -80  80  95
  -111  78  -135
  -47  71  33
  -4  24  -100
  -95  85  -21
  -41  71  367
  5  127  -19
  -57  40  17
  -61  71  -63
  -62  71  -10
  -32  65  -197
  -69  68  60
  -53  91  -77
  -42  107  296
  -72  69  -142
  -47  81  -5
  -31  99  -183
  -34  40  16
  -100  63  -63
  -13  82  -204
  2  80  -143
  -66  54  -18
  -76  58  -153
  -41  77  48
  36  79  -96
  -75  86  -103
  -77  65  84
  -61  38  0
  6  65  99
  -50  64  84
  -80  72  -59
  21  60  -132
  -58  71  -153
  -12  68  -9
  -67  81  -126
  3  57  -75
  -20  93  -29
  -79  89  48
  -99  30  -8
  -27  50  -25
  -8  75  -84
  -14  71  264
  -24  78  -198
  -30  93  -436
  -84  63  -169
  -39  62  -214
  -29  85  -164
  -13  67  280
  -24  49  -10
  -60  97  2
  -20  65  -18
  -22  101  -165
  -8  60  -424
  -8  53  13
  -27  69  -238
  -17  76  80
  -49  82  -177
  8  72  116
  14  60  97
  -63  77  -93
  -11  101  -88
  -33  93  -116
  -75  93  -74
  -14  82  264
  -55  35  -426
  -15  66  -191
  -10  48  -67
  -19  58  371
  19  68  -1
  -54  62  -63
  -29  90  -174
  -72  68  -91
  -5  82  -49
  3  47  -103
  -70  54  -52
  -67  78  -61
  -28  59  -95
  -33  65  49
  -40  78  -39
  -87  85  123
  -58  78  -409
  7  65  -233
  -59  84  102
  -27  87  83
  -15  87  -49
  -33  98  92
  -68  93  18
  -6  63  92
  -67  105  -84
  -55  41  -48
  -70  82  71
  -31  35  -79
  -13  48  -31
  -42  47  -140
  -38  98  70
  -68  64  -239
  2  67  -187
  -49  75  -196
  21  61  -100
  18  56  -84
  -36  44  -56
  -55  61  -157
  -13  71  -87
  -41  72  -88
  -49  79  -73
  -13  75  14
  -20  63  -54
  -96  52  107
  -28  72  -29
  -12  75  -185
  -45  70  321
  -18  59  -187
  -47  63  -125
  -17  82  -134
  -24  84  -422
  -2  58  -19
  -10  116  -53
  12  64  -60
  -11  44  13
  -4  71  -110
  -52  75  -144
  13  69  -22
  -18  63  -429
  26  38  -76
  -41  51  -95
  -15  79  -51
  -32  36  29
  -67  71  -161
  -53  113  37
  0  89  27
  -49  62  94
  -110  80  -18
  -26  52  21
  35  82  -134
  -35  70  -6
  -38  74  -106
  -46  33  3
  -60  85  -125
  -38  70  -247
  -21  77  103
  -46  93  21
  -70  58  -141
  -49  26  -24
  -33  56  67
  -67  47  344
  -61  77  -87
  -43  45  39
  -44  65  -64
  -37  56  -121
  -55  109  -121
  -17  72  -27
  -7  77  -8
  -52  80  -71
  -42  53  32
  -23  71  16
  9  55  -127
  -17  79  59
  -30  67  19
  4  92  -75
  -6  42  7
  -68  65  -253
  -77  31  -91
  -24  45  -72
  7  67  -10
  -60  67  -104
  -36  84  -169
  24  72  -100
  1  75  -76
  -56  62  89
  -32  25  126
  0  52  101
  -57  64  -89
  -4  91  -25
  -22  69  34
  -37  71  330
  -33  109  -248
  -77  63  -19
  -65  77  38
  -73  69  116
  -27  68  -59
  -45  81  119
  -3  79  -57
  -23  90  -29
  -37  36  -143
  -56  92  -16
  -46  54  -83
  -101  22  40
  -9  49  111
  8  57  -117
  1  67  -234
  -36  49  20
  -8  89  305
  7  71  122
  -31  79  -41
  -72  88  -57
  -37  58  -170
  -69  70  -48
  -53  69  -43
  -66  103  -51
  -34  94  -133
  -52  82  -126
  -23  52  -76
  -49  112  -391
  -79  33  -250
  -12  88  -2
  0  52  -32
  -64  94  -184
  -49  70  -171
  -27  61  -9
  -49  64  -29
  -87  54  -511
  -17  115  99
  -1  68  75
  -56  79  3
  -48  74  -104
  -14  74  -239
  -1  81  -12
  -2  45  -115
  -7  76  -232
  -8  40  278
  -64  73  -121
  -105  58  -106
  -17  69  -19
  25  76  97
  -93  64  15
  -111  84  -35
  -28  72  -106
  -45  78  54
  -23  60  -205
  -55  81  -228
  5  26  99
  -23  117  -103
  -33  67  -194
  -102  74  76
  -2  90  -98
  -41  39  -100
  -7  67  8
  3  51  -711
  -10  98  27
  -36  53  -18
  -35  112  -139
  -3  70  -161
  -68  45  -93
  2  75  36
  -56  29  -81
  -13  105  -26
  -3  49  53
  -68  57  -250
  -45  41  -14
  -31  56  -174
  -2  71  -1
  -79  46  -131
  -30  84  -44
  -9  80  -224
  -122  76  -48
  -55  81  66
  -30  88  -80
  -48  76  -110
  -60  72  -168
  -39  64  -386
  -44  51  -254
  -15  83  109
  -32  62  -99
  -34  98  -54
  -55  92  -27
  -26  70  114
  -56  55  -43
  -43  78  -38
  -70  53  -51
  -1  84  15
  -28  93  -40
  -20  62  13
  -53  61  358
  -69  105  -22
  -32  70  -59
  -1  47  -64
  -56  61  -392
  -35  71  -11
  -60  51  -134
  -52  64  -7
  8  35  -60
  -52  66  -111
  -3  97  60
  -18  65  -80
  -53  83  60
  -51  58  65
  -12  98  -88
  -26  48  -149
  -34  23  50
  -44  64  -37
  -11  88  -255
  1  71  -62
  -36  64  -105
  -104  66  16
  21  94  -200
  -72  79  73
  -43  80  111
  14  40  -125
  -89  103  -128
  -63  58  -59
  -90  59  31
  -32  77  89
  -29  51  34
  -15  87  17
  -60  59  -59
  -31  35  -110
  -37  64  -11
  -10  58  40
  -59  74  -89
  -56  80  -48
  -13  81  83
  10  40  -232
  -7  78  -169
  6  67  -191
  -36  42  94
  -26  70  -146
  -49  72  -75
  -48  45  -159
  21  107  -201
  -59  71  -94
  -21  45  -184
  -36  78  -112
  -45  61  -119
  -40  64  91
  -21  78  83
  18  42  11
  -28  73  -94
  -38  68  -23
  -45  81  -86
  -25  69  -94
  -46  79  -15
  -70  69  286
  -43  59  310
  -29  64  -25
  -83  83  -171
  -16  85  -26
  -12  52  -488
  -54  73  -122
  -72  62  -101
  -8  89  -60
  -34  84  -226
  -31  41  -17
  -46  71  4
  -41  74  -183
  -17  56  -192
  -70  71  -91
  -38  91  -34
  -79  73  -123
  -27  76  -22
  -26  73  -89
  -92  60  -142
  -57  75  -35
  -45  96  -3
  -50  68  -145
  -44  71  79
  -31  82  -22
  -37  70  -238
  -61  72  -131
  -24  81  -86
  -97  73  -44
  -57  74  -85
  -25  82  373
  -73  84  328
  -42  64  -37
  -29  68  33
  -45  32  -18
  -42  73  -50
  -38  63  -4
  -50  29  -153
  -2  62  -222
  -25  51  -81
  -56  53  0
  -27  44  -47
  -39  85  -117
  -25  69  -246
  -31  50  22
  -51  70  9
  -3  81  50
  -48  75  13
  -30  46  -14
  -13  79  -15
  -63  44  -122
  -91  78  -23
  -62  86  -182
  16  28  -9
  -63  82  -164
  6  69  -2
  -31  82  32
  -3  42  -119
  24  56  -249
  -23  66  93
  -58  71  -74
  -58  70  -128
  -22  76  101
  -5  72  -228
  -53  61  -28
  0  65  -38
  -38  67  -131
  -16  72  14
  -32  99  -118
  11  65  -62
  -36  54  95
  -74  72  -59
  -36  75  -144
  -38  85  -21
  -48  53  -8
  -42  78  -200
  19  62  -2
  -18  51  -256
  -36  35  -106
  -32  62  70
  -8  93  52
  -85  104  -126
  -49  77  75
  -66  52  -190
  10  44  -408
  -81  53  -23
  9  56  5
  -34  51  -106
  -21  73  -183
  -36  70  -213
  -19  70  -43
  -17  70  -72
  -9  25  -70
  -30  79  106
  -12  50  -73
  -41  78  -221
  -25  73  -235
  -18  81  -231
  -11  67  -143
  -15  62  82
  -5  45  55
  -33  63  -99
  -30  48  6
  -9  71  8
  -23  69  -139
  -65  107  -154
  10  72  -5
  -27  43  295
  -69  81  -193
  -24  82  98
  -35  50  19
  -69  78  88
  -41  84  54
  -5  88  -412
  -20  76  -97
  -26  84  330
  -32  103  16
  38  40  -67
  -57  27  67
  -58  67  13
  38  97  52
  5  54  -210
  -57  65  -64
  -71  72  -212
  -52  84  -242
  -13  37  -228
  -69  60  37
  -32  58  18
  -36  81  -75
  -42  69  -32
  -37  46  -96
  -31  87  -55
  -9  62  -58
  -66  98  -125
  -33  103  -7
  8  63  -34
  -6  104  280
  -73  76  -40
  -74  69  26
  -31  51  36
  -61  65  -48
  -51  49  -8
  22  84  -39
  -12  74  -76
  -46  67  -122
  -19  61  -43
  -52  91  -243
  -26  68  -53
  -57  30  1
  -13  50  22
  -11  83  -174
  -19  35  -138
  -56  50  -158
  -9  85  64
  -24  86  89
  7  78  -98
  -10  66  -193
  -19  73  -245
  -20  69  -112
  -107  71  -93
  -38  72  -8
  -39  66  -79
  -66  65  -144
  -70  69  -75
  -48  53  20
  -51  77  -15
  -81  58  60
  -73  39  -117
  -16  56  -20
  29  91  41
  -74  88  -208
  -66  76  -476
  -15  68  -178
  -99  39  -96
  4  70  -50
  -60  40  -178
  -43  69  -412
  -36  69  96
  -19  74  -55
  -49  54  -72
  -40  32  46
  -43  48  62
  -40  42  -38
  15  77  -34
  -28  62  -22
  -61  37  113
  -19  79  -98
  -18  88  -155
  -29  61  57
  -68  64  -107
  -40  63  -40
  -5  30  13
  -37  58  -215
  -37  71  121
  -15  27  -82
  -40  38  -177
  -77  38  -246
  -24  80  -121
  4  86  -173
  -45  41  -214
  -21  62  100
  -54  72  -165
  -13  54  40
  -50  91  -107
  -38  53  67
  20  61  -95
  -65  69  -97
  -43  57  74
  3  78  3
  -86  35  -34
  -84  67  -114
  -83  70  342
  -8  76  -20
  -10  78  -86
  -4  45  -90
  -52  87  -74
  -67  31  44
  -52  71  -71
  -43  67  332
  -31  62  -104
  1  74  -116
  -67  60  111
  -38  66  -167
  -80  74  -8
  0  28  -17
  -63  72  -99
  -36  84  -105
  -9  97  -20
  -18  72  -110
  -37  64  -73
  -1  72  -25
  -40  84  -129
  2  90  7
  -46  72  -55
  3  69  -217
  -33  70  -111
  -37  54  -53
  -66  73  326
  -42  50  -241
  12  79  -43
  -37  69  -71
  -18  94  56
  -41  99  -198
  -32  66  -110
  -16  85  -152
  -17  67  78
  -70  56  -52
  -72  51  293
  -70  72  -165
  -62  78  -41
  -67  97  -255
  -27  58  -183
  -75  54  268
  -28  77  21
  27  29  -22
  -26  57  -28
  -27  45  59
  -42  82  310
  -8  59  -69
  -67  87  -189
  -71  49  110
  -84  78  -9
  -19  50  -509
  -38  69  -54
  -47  73  -76
  -18  108  -125
  -53  82  -126
  -5  61  -4
  -29  57  -14
  -30  89  -194
  -53  97  -171
  -46  76  8
  -15  80  105
  17  42  -7
  19  62  -150
  -110  65  28
  -5  54  -112
  -52  83  -53
  -24  35  -198
  -81  82  -116
  -35  72  -463
  20  74  -117
  -31  102  -30
  -12  48  -148
  -19  83  -197
  5  100  -196
  -16  84  -81
  3  87  -55
  7  74  8
  -66  58  -66
  -86  64  -28
  18  60  78
  -57  101  16
  -34  51  -11
  -61  42  82
  -6  97  -65
  -61  60  -56
  -25  30  90
  14  100  3
  -55  70  -215
  4  83  -134
  -25  60  -118
  -55  77  -123
  -3  33  38
  -25  63  -29
  -49  78  -97
  -65  89  58
  -23  54  -80
  -66  56  -119
  -86  81  271
  -53  77  -96
  -44  87  -136
  -15  93  308
  -6  55  77
  -15  104  260
  6  97  -101
  -10  78  -7
  -77  55  -15
  1  58  -30
  -113  66  -121
  -35  55  -232
  -41  83  -253
  -28  51  -39
  -17  47  -16
  12  95  -35
  -78  64  81
  27  70  277
  -26  54  -32
  -60  87  -235
  -82  94  -120
  -47  88  -141
  25  111  302
  -40  89  -97
  -75  70  -92
  12  32  512
  -78  67  -97
  -42  51  -41
  38  78  -140
  -51  60  -216
  -6  63  107
  -29  64  -21
  12  78  -106
  -30  40  -15
  -12  35  -416
  17  66  -11
  9  73  -13
  -41  74  -99
  -74  32  117
  -53  53  -249
  45  71  -20
  -41  93  -62
  -19  81  -4
  -54  60  -242
  17  62  -49
  -8  77  -27
  -71  52  -134
  -24  73  112
  1  61  -87
  -28  78  -170
  -32  61  -392
  -85  79  -187
  -23  58  -158
  -49  91  -89
  -68  70  -100
  -37  48  126
  -79  63  111
  -2  80  -17
  9  41  14
  6  85  -155
  -108  56  -69
  -49  1  -227
  -52  68  32
  -11  63  -115
  -12  82  75
  -58  61  -33
  -9  41  -440
  -41  62  -112
  -86  82  -43
  -30  58  292
  -49  75  65
  -82  88  17
  -41  80  -86
  -14  84  115
  -41  92  -37
  -40  71  300
  -65  81  -8
  -19  28  -8
  -51  84  -107
  -38  38  -20
  -41  63  -74
  -31  85  -56
  -78  50  24
  -31  69  41
  -35  68  54
  -34  78  -204
  -37  63  -10
  -30  62  -36
  -54  103  -45
  -65  48  -90
  -43  22  -22
  -42  57  -251
  13  93  -25
  -31  87  -105
  -87  68  -57
  -8  56  -227
  -30  88  -192
  -44  58  44
  8  99  114
  -88  51  -40
  -18  95  278
  -9  64  -50
  -73  65  19
  18  85  -82
  -41  74  -117
  -33  60  -230
  -41  66  -9
  -10  66  -53
  -70  61  29
  -118  43  -65
  -54  41  25
  -45  45  -163
  -36  96  -85
  -37  84  -64
  -28  48  60
  -35  56  -60
  -76  66  -170
  -18  91  -197
  -93  62  107
  -16  61  273
  -36  75  -85
  -73  75  -176
  -67  83  -121
  -42  80  -66
  -31  70  53
  -9  81  33
  -12  60  -109
  17  53  -189
  -56  61  112
  -45  54  -78
  -57  102  -77
  -54  70  -117
  -13  70  13
  -83  41  -172
  -45  95  -100
  -23  84  -35
  -34  74  -231
  -81  61  -117
  -30  46  -4
  40  68  -97
  2  96  -410
  -97  79  -18
  -32  94  -142
  -57  69  81
  -24  58  -93
  -59  62  -32
  -56  49  306
  -40  68  123
  -39  63  -112
  -20  53  -75
  -39  66  -230
  -60  46  -80
  4  73  -43
  -50  42  -168
  25  50  47
  -55  76  54
  -56  93  -127
  -1  77  -80
  2  54  -25
  -11  70  -64
  -24  59  29
  -52  75  118
  -46  59  -4
  -47  104  -4
  -69  56  -70
  -16  75  14
  -48  53  -5
  -75  63  356
  -23  54  -163
  -15  77  -34
  -41  94  -83
  -4  87  -97
  -28  74  32
  -79  71  49
  -73  84  -11
  -7  65  -249
  -26  59  49
  -43  27  -106
  -29  72  -26
  -17  63  -5
  -65  60  -188
  -46  28  -58
  -40  70  -73
  -45  44  -14
  -19  87  -34
  -66  74  -91
  -10  40  -25
  -35  67  270
  13  74  -13
  -78  63  -60
  -41  84  -39
  -25  64  278
  -86  88  -47
  -53  84  -230
  -61  61  -139
  60  59  -99
  -32  106  -125
  -81  52  -219
  -32  50  -251
  -50  63  26
  -13  53  -213
  -29  60  126
  -32  83  25
  -78  65  -71
  -58  56  27
  -16  74  257
  -57  54  -7
  -28  107  -171
  -93  35  13
  -70  66  -193
  -7  53  -63
  -10  80  -7
  -21  46  -189
  -28  80  28
  -48  54  42
  -32  53  -63
  -107  72  -137
  -63  69  25
  -39  81  -133
  -23  97  -77
  -57  65  -208
  22  42  -59
  -51  46  -243
  -69  62  -176
  -6  64  -248
  -15  59  -31
  -12  72  -405
  -64  57  -135
  -28  71  -386
  -30  70  -126
  -38  50  41
  -13  57  -88
  -16  58  -100
  -38  84  -467
  -63  94  -197
  -12  47  -38
  -16  50  -209
  -25  58  -127
  -102  67  91
  -1  68  -40
  -30  53  328
  -25  80  36
  -18  40  -87
  -12  95  -213
  -47  55  -64
  -79  88  -68
  -41  55  -225
  -3  73  -24
  -13  49  -18
  -44  98  -99
  23  109  -90
  -18  80  -84
  -23  60  -30
  -78  67  -72
  27  83  -38
  -47  77  -225
  -31  65  -74
  -59  76  -142
  -41  74  119
  -16  105  44
  -70  48  -175
  -27  46  113
  -86  67  -252
  -66  67  -134
  -67  82  -59
  -38  70  -214
  -10  74  -121
  -48  66  -226
  -116  72  -22
  -1  75  -65
  -14  56  -204
  -27  78  -162
  -19  93  -122
  -25  89  -104
  -1  60  -20
  -143  48  -51
  -67  65  -111
  -50  63  -104
  -47  88  -220
  -10  70  57
  -34  79  -221
  -26  56  -254
  -95  69  -103
  -15  72  267
  0  66  -220
  -38  73  -141
  -106  73  -1
  -22  38  -387
  -21  75  127
  -52  46  -58
  4  45  -167
  -3  60  -25
  -3  49  -152
  -44  46  -14
  -94  64  119
  -45  76  -51
  -47  39  -245
  14  54  -138
  -28  67  -117
  -50  58  275
  -15  56  -79
  -23  66  -394
  -15  62  49
  6  61  -9
  -62  35  -28
  6  78  -81
  -14  58  -6
  -61  80  25
  -26  50  -220
  -32  79  38
  -8  80  -91
  -41  69  -8
  -3  65  -1
  -3  46  -122
  -3  63  -9
  -38  75  -122
  -23  87  -148
  -31  94  28
  29  61  -69
  -46  70  -126
  -26  67  48
  28  75  -70
  -29  76  -247
  -25  69  269
  35  87  21
  -1  77  -58
  -52  75  -1
  -49  72  90
  -45  75  101
  13  66  23
  -60  76  -205
  -77  50  -239
  -54  60  -67
  -1  111  -4
  -24  99  -185
  -40  52  -25
  -41  55  30
  -36  71  -131
  -26  86  -247
  53  83  -5
  -60  83  -36
  -36  61  -52
  -66  50  -135
  -26  65  -205
  -12  74  -156
  -61  81  -128
  -44  57  -33
  -86  72  352
  -12  25  -109
  -62  86  -68
  -12  81  -34
  -21  72  -41
  -16  75  -231
  -18  72  -20
  -54  93  -117
  -87  85  -89
  -66  85  -105
  -37  51  -221
  7  59  -150
  -44  122  -175
  9  83  -84
  -53  70  -232
  -58  67  -92
  -72  73  -144
  -40  86  -390
  -96  18  -15
  12  60  21
  7  66  -98
  -65  31  81
  -41  48  -121
  -40  43  -30
  -15  80  -15
  -48  69  -67
  -19  50  -32
  -81  46  -108
  -73  84  -34
  -26  42  -99
  -10  70  -95
  -82  85  68
  -44  60  -197
  -47  46  -128
  -42  65  -21
  -89  106  3
  -2  86  -124
  0  76  -70
  -26  60  -34
  -9  83  -98
  -27  93  -230
  -36  67  -428
  -71  92  56
  -11  59  -140
  -33  49  -8
  -66  93  -102
  -40  80  -91
  -82  64  269
  -24  55  -88
  -55  89  -77
  -86  70  -21
  -29  46  -9
  -60  83  -195
  -55  42  98
  -83  63  83
  -58  51  -112
  2  38  -38
  -50  107  -29
  -83  74  -385
  -54  101  112
  -7  69  -231
  -45  90  80
  -28  61  -32
  -67  48  -156
  -17  56  -159
  -28  36  46
  -41  86  108
  -36  66  -11
  -47  76  -77
  7  35  -67
  -39  62  51
  -8  38  -91
  -72  84  -65
  -68  96  -71
  -66  96  -43
  -57  48  -74
  -73  60  -141
  -47  75  -139
  27  91  -15
  -19  57  -91
  -52  51  -12
  27  52  3
  -62  89  -28
  -35  57  -22
  -66  47  57
  -17  72  -12
  -25  81  274
  -72  77  -10
  -46  58  -27
  13  74  -169
  -33  32  -87
  -48  65  -193
  -64  43  -125
  -55  57  -394
  -114  66  41
  -28  83  -170
  -45  67  -29
  -12  71  -9
  -47  65  97
  -44  53  -151
  -44  84  -13
  2  77  -160
  -61  68  -67
  -61  52  100
  -15  70  -33
  -14  66  -62
  -23  79  -443
  -88  58  -111
  -28  81  -128
  -68  51  -100
  -43  54  -100
  -51  81  -7
  -74  91  -218
  -72  80  -100
  -67  84  -251
  -32  84  -84
  -16  80  -106
  -18  53  -123
  -83  58  -225
  -7  41  -6
  -56  85  73
  -86  44  -151
  -62  95  18
  2  55  -12
  -98  90  -54
  -60  74  62
  -23  88  -174
  12  106  -80
  -14  59  -8
  -20  76  60
  -59  64  6
  -22  73  -138
  -49  61  -57
  -17  104  -147
  -70  57  -76
  -33  74  3
  -62  37  -124
  -88  75  -53
  -57  40  -70
  -21  76  -211
  -92  57  79
  -44  77  -98
  -84  68  -139
  -31  48  -108
  -95  59  -652
  -61  72  -117
  -35  75  -124
  11  56  -18
  -32  61  -106
  -61  90  -63
  -39  55  3
  -33  70  -165
  -38  44  109
  -32  70  -93
  -14  61  -149
  -30  93  -94
  -52  62  -82
  -35  83  -113
  -44  66  25
  -99  73  256
  -2  67  99
  -92  82  317
  13  63  31
  19  62  -52
  -60  34  -79
  -107  74  291
  -56  66  -70
  -53  66  -107
  -22  57  71
  -4  94  -8
  -20  81  -189
  -9  59  109
  -32  78  -125
  -58  75  -48
  -67  70  -10
  -19  48  96
  -19  79  -86
  -54  59  -177
  -44  57  -108
  -76  52  -43
  -59  51  22
  -31  59  -188
  8  59  -174
  -6  79  -66
  -82  92  -50
  -26  96  -128
  8  52  -83
  -14  68  -64
  -116  71  82
  -30  93  37
  -96  91  -187
  -48  45  267
  -21  108  -16
  -56  61  -69
  -32  91  -74
  -59  47  -75
  -114  46  355
  -8  78  -31
  -42  57  -5
  -53  76  6
  -16  100  -80
  -15  102  118
  -78  41  -1
  -43  97  -116
  1  56  -158
  -16  96  -73
  -64  78  -76
  -36  49  -117
  17  50  -177
  -72  44  -392
  -49  83  -185
  -45  56  -72
  -36  94  -88
  -26  30  -28
  -48  56  323
  -78  73  -148
  -64  72  -232
  -48  54  -14
  -44  87  104
  -41  42  -110
  -4  64  -159
  -39  63  40
  -18  65  -120
  42  59  49
  25  88  121
  9  45  -166
  21  72  79
  -1  83  -14
  -60  81  76
  -66  94  88
  -75  69  2
  -38  63  -133
  -62  62  -26
  -77  78  370
  -11  63  61
  9  87  -159
  -46  54  -212
  4  78  -124
  -14  66  -80
  -18  84  4
  -35  61  123
  -1  70  -195
  -55  52  -90
  -25  53  67
  -37  56  -134
  -13  95  58
  -41  50  -216
  9  56  -94
  -55  92  -225
  -32  90  -162
  -60  55  -169
  -67  62  -208
  -26  68  271
  7  61  25
  7  50  7
  -27  63  -86
  -27  88  -92
  -36  87  -76
  -19  108  71
  -33  80  -36
  -55  74  52
  -46  68  18
  -106  69  -78
  -18  84  -6
  -12  56  -29
  -50  57  -161
  -84  69  -56
  -51  57  -35
  -41  64  286
  -82  85  -77
  -32  76  -73
  -90  23  -18
  -50  62  -243
  -28  62  26
  -54  75  -39
  -30  54  -74
  -14  67  -30
  8  84  40
  -16  78  -212
  -82  85  -55
  -33  76  359
  -42  66  -62
  -75  99  318
  -25  52  -36
  -4  57  -154
  19  79  -147
  -40  36  50
  22  54  -67
  -38  56  17
  -62  56  -123
  -38  69  -177
  -69  90  116
  -18  82  -30
  -37  93  108
  -44  45  96
  -34  44  58
  -52  59  -149
  -33  74  10
  -12  84  -68
  -71  69  -10
  -15  69  -126
  -12  100  -436
  -58  60  58
  -78  93  -40
  -15  85  -168
  -12  58  52
  -8  87  22
  -16  72  -121
  37  74  -445
  -74  25  -68
  -10  95  20
  -61  60  25
  27  62  -41
  -2  70  -42
  -58  29  -180
  -40  75  -207
  -32  90  -6
  -23  51  268
  -26  58  -165
  -64  50  -64
  -50  39  -159
  -33  68  -17
  -21  102  -87
  -57  61  -6
  -37  95  -86
  -67  86  80
  -19  45  -127
  -29  60  -185
  -65  72  -458
  -34  57  15
  -9  68  -500
  -25  36  273
  -86  46  -127
  -54  75  -160
  -19  64  -78
  -21  43  291
  -78  71  -246
  -18  49  -145
  19  75  -33
  37  63  -206
  -15  90  20
  -83  68  -221
  -30  53  -134
  -42  81  -186
  -103  54  -32
  -69  116  -96
  -8  87  -118
  -36  69  -123
  -47  61  -54
  -32  53  -125
  -35  57  125
  -80  80  -68
  52  47  -46
  -83  63  -167
  -92  42  -80
  -20  86  -51
  -26  39  25
  -10  41  -78
  -56  41  -66
  -57  81  -80
  17  59  -116
  -38  62  -35
  -61  93  -149
  -47  82  -45
  -84  29  -70
  -55  50  -87
  -35  52  -83
  -38  61  -143
  -101  68  -46
  -65  55  -12
  -46  106  -21
  -46  58  -62
  2  64  -37
  -37  62  -214
  -49  52  -49
  -34  78  -17
  -29  79  -86
  -51  100  -82
  -41  58  -40
  -37  76  45
  -6  42  -182
  -15  52  -56
  -54  66  -6
  17  112  -226
  -18  61  -507
  0  91  -67
  -34  58  -18
  -28  103  -110
  -76  46  -26
  -53  86  -165
  -10  68  -82
  -37  83  48
  -59  89  -11
  9  82  -126
  -38  54  -84
  -34  96  77
  -47  57  -151
  -5  88  -40
  -41  81  -115
  -34  38  -142
  -15  77  -254
  -37  55  47
  -96  54  48
  -34  48  -157
  -33  56  -11
  -65  86  10
  -67  65  -57
  -7  48  -464
  -25  82  -138
  -61  88  -208
  -61  68  -52
  -25  75  -81
  45  46  -90
  -51  64  -106
  -22  71  -115
  -44  62  -117
  -39  77  63
  -31  72  -226
  -69  70  264
  -55  69  56
  -11  73  -95
  -24  91  313
  -42  62  76
  -16  59  -52
  -8  62  105
  -1  72  -13
  -82  57  90
  0  49  -75
  9  97  -183
  -12  71  25
  -73  50  -35
  -23  75  108
  -11  80  47
  -111  62  54
  -36  80  -226
  -11  103  -109
  -19  78  -419
  -49  57  -32
  -10  85  -241
  -44  49  -2
  -16  85  20
  -39  61  94
  -71  94  -410
  6  75  -23
  -11  59  -126
  -81  40  -176
  -29  72  -136
  -71  86  -103
  -24  53  -21
  -3  38  114
  -3  72  -215
  -67  65  -182
  -56  82  -65
  -20  61  -67
  -48  82  -443
  3  88  -179
  -24  52  -74
  -53  103  -204
  2  64  -87
  -5  72  -63
  -35  100  -111
  -25  55  346
  -29  49  124
  -46  88  -70
  -55  55  -122
  -32  94  296
  -41  93  -30
  -57  57  -79
  -37  73  -110
  -60  96  -235
  -58  74  -6
  -69  77  103
  -5  31  -77
  -50  25  108
  4  93  13
  -33  43  -429
  -35  72  127
  -17  61  26
  10  55  -110
  -8  84  8
  -24  73  13
  -101  70  -165
  -26  82  -116
  -22  43  -3
  -21  108  -122
  -44  58  -126
  -63  54  83
  -67  67  13
  -15  71  -17
  -15  99  -35
  -27  49  -97
  -68  69  -15
  -8  89  -391
  -45  83  -185
  -39  71  -4
  -62  88  37
  -30  74  -107
  -54  84  -104
  -29  70  -77
  -35  60  319
  -11  95  -61
  -64  80  -70
  -58  74  -152
  -84  81  22
  -64  57  -30
  14  92  -40
  -18  68  11
  -52  80  -175
  -23  70  -170
  -31  32  12
  -28  81  88
  -71  102  -192
  -61  94  52
  -2  83  -51
  -26  49  88
  -57  63  126
  -32  65  -17
  -72  81  -112
  -7  68  -127
  -52  76  -49
  -21  60  -204
  -20  77  -58
  -136  76  -246
  -44  76  41
  -84  73  -90
  4  49  -33
  -21  67  -22
  -8  79  -124
  3  52  127
  -111  72  -101
  -67  43  -9
  -49  78  30
  -15  83  -103
  -55  76  -34
  -46  74  72
  -21  99  -151
  19  65  8
  -72  66  -4
  -38  49  -65
  2  55  1
  -2  48  -107
  -32  59  16
  -51  35  -57
  -57  87  -123
  8  82  -121
  -51  58  -211
  -63  69  57
  -58  62  105
  -6  92  -32
  -63  92  113
  -44  66  -233
  16  88  355
  -108  69  -67
  -24  78  90
  -25  65  -18
  -43  57  -3
  -71  69  -141
  -74  56  13
  -70  50  30
  -40  91  -167
  -13  88  -114
  -34  71  6
  -2  67  -158
  -55  100  -134
  -27  41  20
  -16  69  -96
  -9  48  45
  -49  64  -35
  -21  53  -91
  -22  72  -46
  -100  103  -17
  -43  65  -176
  -2  52  65
  43  88  -164
  -28  59  -437
  -22  64  -88
  -39  45  -83
  -65  59  -79
  -11  45  -44
  -50  85  30
  3  40  304
  -33  70  -83
  25  65  -13
  -56  92  -176
  26  62  -75
  -29  67  -2
  -44  44  15
  -17  98  -31
  -13  63  -14
  -25  89  65
  -89  66  -119
  -34  50  45
  -33  36  -106
  -26  60  -42
  9  64  -20
  16  60  100
  -37  43  366
  -60  59  15
  -39  55  16
  4  79  -28
  2  53  -172
  -80  69  14
  -32  55  -128
  -21  80  -35
  -57  79  -5
  -33  65  -23
  -39  67  -19
  -14  70  55
  -56  74  -252
  -3  59  -172
  -60  80  -26
  -70  69  -397
  -10  42  -142
  -59  48  -80
  -58  71  -211
  -89  63  -153
  -39  59  -6
  -5  61  104
  -21  74  -25
  -19  84  35
  2  59  11
  -22  96  -76
  -41  73  -108
  -112  92  -237
  28  67  -103
  -12  64  -91
  -49  79  -199
  -91  68  -104
  -15  66  -26
  -12  69  82
  -54  39  -46
  -40  63  -53
  -50  88  -200
  -12  66  -81
  -68  97  -111
  -55  44  -247
  2  78  -44
  -54  42  -92
  -55  41  10
  -30  50  40
  -17  59  -160
  -51  87  -49
  -33  47  -89
  -38  61  -4
  14  90  -49
  -65  63  313
  -55  75  -75
  -34  66  -62
  -43  83  -12
  -17  91  -7
  -47  66  -113
  15  31  -169
  -80  67  -74
  -11  60  -52
  5  67  -226
  -43  55  -252
  -34  81  -55
  -46  84  -152
  -10  70  -119
  -28  68  -204
  -17  55  -142
  -5  70  54
  -59  95  -253
  -85  63  125
  -34  62  65
  8  56  -60
  -37  77  -69
  -34  97  -109
  -57  62  -201
  -39  89  115
  -54  51  -4
  23  91  -103
  11  81  -87
  1  52  -136
  -5  114  -74
  -87  33  -228
  -69  94  -110
  -31  67  -105
  -40  64  356
  -47  99  -87
  -25  77  -76
  -19  62  -83
  -61  62  -115
  -11  69  -208
  -23  87  -203
  -35  39  -102
  -83  82  23
  -54  39  -66
  -53  64  -53
  -47  60  21
  -5  65  -18
  -35  70  -247
  -50  90  -42
  -31  80  -26
  -63  55  -117
  -29  60  -70
  -28  54  7
  -74  54  118
  -26  74  -171
  -38  52  -200
  6  65  -107
  3  64  -138
  -27  64  102
  -10  78  -79
  -22  77  -1
  -101  98  -209
  -52  40  372
  11  84  63
  -71  53  -109
  -18  72  -59
  -17  72  -115
  -23  56  -224
  -36  81  -209
  -30  63  34
  -32  76  -236
  -55  68  -100
  -97  75  -110
  -23  109  54
  -24  77  -184
  -39  68  -39
  -30  64  -114
  -58  56  -39
  -34  58  -33
  -25  89  -12
  -22  60  -53
  20  58  -206
  -62  99  -54
  -31  62  100
  -66  75  -232
  -56  71  -14
  -32  99  -1
  -60  103  -84
  -39  69  -154
  -62  59  -199
  -65  47  -441
  -37  46  10
  -55  67  -110
  -46  84  10
  -52  68  257
  -49  86  -16
  -60  69  -58
  -85  80  106
  -63  72  5
  -50  81  -42
  3  76  -40
  -6  94  59
  -17  59  -42
  -10  78  -249
  7  36  -104
  -33  57  -77
  -67  61  -34
  -26  69  -119
  -19  55  -112
  9  84  -38
  -51  62  -24
  -17  57  -34
  -75  89  127
  -45  73  -139
  22  68  -132
  -15  48  -166
  -19  81  100
  -50  107  -235
  37  55  -219
  -45  88  42
  -23  47  25
  -48  93  24
  6  104  89
  -43  76  -49
  -88  60  -152
  -47  54  -92
  15  70  -21
  -55  64  -63
  -39  65  -110
  -26  92  -108
  -37  94  -50
  -53  48  108
  -104  88  -473
  -14  60  -192
  9  63  -208
  -41  70  63
  -58  39  365
  13  68  -160
  -34  82  280
  -57  61  -42
  -21  84  -9
  -55  75  102
  -29  84  -145
  -65  35  108
  -46  61  -150
  14  67  57
  -57  103  -202
  -65  75  287
  -8  41  -57
  -49  65  -51
  -41  48  -111
  -35  77  -204
  -42  67  -25
  33  37  -185
  -49  73  -167
  3  47  -36
  -38  46  65
  -38  65  -179
  -74  68  -145
  18  83  -178
  -8  44  -120
  -46  94  -112
  -64  51  33
  -36  51  -27
  -68  33  -80
  -44  58  -254
  -44  59  44
  9  78  126
  -58  93  -237
  -69  99  4
  -64  49  -182
  -47  56  -6
  -62  84  -239
  -51  95  -71
  -11  86  -91
  -53  97  -98
  -45  54  89
  -19  54  -115
  1  82  -76
  -43  44  -121
  -18  82  -30
  -77  69  -37
  24  62  -61
  -2  50  -179
  -57  80  71
  -41  74  -86
  -5  78  -106
  -83  35  -107
  -37  64  125
  -14  55  -40
  -99  105  -18
  -56  60  101
  -13  69  -26
  -21  46  -209
  12  86  -109
  -47  94  -87
  -31  53  -233
  -7  80  -67
  -49  79  371
  -22  51  -226
  -81  65  34
  -62  67  69
  -39  52  4
  -56  65  -176
  -14  88  -52
  -36  43  -81
  -25  84  -186
  -29  65  -95
  -19  65  285
  -47  86  -104
  11  87  -107
  -31  53  13
  -63  76  -189
  6  63  -234
  -30  69  -46
  -90  79  -109
  -73  81  -27
  -62  73  -64
  -5  66  -126
  -41  91  -85
  -59  76  -41
  -22  78  21
  -21  51  -69
  -39  83  -219
  -48  72  -14
  -37  51  -97
  13  37  28
  -12  44  -119
  -57  48  -8
  -46  51  11
  -16  48  14
  -48  46  -460
  -59  63  -227
  -5  39  72
  -27  68  -76
  8  65  278
  -5  61  -83
  -20  66  -110
  -83  47  -34
  -73  43  -134
  -22  58  17
  -28  76  -138
  3  95  -144
  -55  71  -157
  4  66  26
  -13  46  39
  -44  67  -48
  -47  112  -200
  13  76  -103
  -24  77  -109
  -46  70  -70
  -92  53  -106
  -18  70  30
  -55  76  -241
  -65  71  10
  -28  43  -236
  -44  72  42
  -40  61  -30
  -18  73  8
  31  58  277
  -21  30  -431
  -22  105  287
  -11  99  -96
  -19  74  -248
  -46  73  -141
  -27  72  -31
  -33  66  107
  -56  74  14
  -16  59  -76
  -78  78  -142
  -20  77  -96
  -28  85  -118
  -42  70  -109
  -21  65  127
  -4  81  45
  -53  97  -31
  -49  39  -209
  4  84  -90
  -6  65  -244
  -38  35  -4
  -62  62  15
  -49  102  -7
  -43  62  113
  -76  58  29
  -87  66  60
  -25  72  -32
  -46  73  -93
  -16  68  -83
  -24  64  20
  -24  73  9
  3  68  -149
  -85  66  -147
  -28  87  338
  -23  64  -24
  -35  69  342
  -53  93  -124
  -18  52  -17
  -14  103  -18
  -31  81  35
  -48  35  -114
  -44  51  -97
  -25  51  -84
  -25  58  -68
  -77  62  -19
  -51  94  -457
  -24  82  15
  -56  71  -105
  -27  67  10
  -52  99  24
  2  59  -41
  -75  38  30
  -5  65  -240
  -79  80  -52
  -23  72  86
  -74  94  -30
  -76  78  -123
  -8  47  -44
  -71  73  -145
  -73  81  -115
  -16  99  -67
  -65  77  -183
  -64  66  -61
  -42  53  -27
  -31  11  -179
  -19  88  60
  -88  45  -34
  -23  74  -105
  -23  112  54
  -53  70  83
  -60  66  -88
  -17  71  -90
  -37  68  124
  -44  93  -90
  -48  80  43
  -42  52  -76
  -14  75  5
  -18  63  -100
  -73  82  -71
  -9  56  -79
  -21  80  88
  -71  51  -150
  -59  81  34
  34  73  -129
  -35  62  -19
  -56  92  44
  -84  81  -172
  34  111  -88
  -84  74  294
  -48  54  -75
  -26  80  97
  -18  62  -19
  -35  43  100
  -37  88  377
  -64  57  22
  -29  84  26
  -38  40  -157
  2  61  -91
  -44  81  -127
  -66  74  -95
  -43  108  88
  -67  60  -57
  1  54  -48
  -82  72  -145
  -48  50  -253
  -11  54  -36
  -43  59  -235
  -39  80  -58
  -75  77  -32
  23  51  -17
  -41  41  109
  -95  72  -199
  -65  88  -49
  25  88  -70
  -38  63  103
  -24  70  -78
  -42  80  92
  -49  67  -222
  -83  78  -150
  -64  90  -416
  -26  75  -52
  1  83  -173
  -38  96  292
  -41  99  82
  -43  79  -14
  -47  67  32
  -12  56  -95
  -43  49  -51
  -21  57  -8
  -28  80  -38
  -59  62  -12
  -39  25  -173
  -8  50  -57
  11  42  -455
