	23	39	620
	16	26	600
	5	28	608
	9	52	622
	40	12	604
	30	19	600
	16	39	607
	28	63	595
	40	27	579
	35	19	591
	28	55	615
	27	33	607
	9	28	622
	25	41	619
	32	47	688
	9	15	576
	24	31	569
	12	70	598
	-7	23	612
	-32	44	606
	12	63	623
	19	59	608
	-8	32	587
	6	148	624
	-5	25	595
	27	3	624
	19	43	620
	20	52	623
	-13	38	620
	14	28	619
	7	56	600
	7	11	568
	16	-1	591
	-4	45	670
	24	30	596
	48	51	583
	-21	19	592
	30	31	592
	17	62	608
	12	46	590
	24	7	604
	27	19	612
	27	24	591
	22	9	625
	-32	-2	608
	12	145	611
	51	39	606
	23	24	591
	33	39	646
	39	31	598
	35	56	606
	44	67	671
	17	60	603
	25	30	588
	8	43	600
	23	19	627
	15	38	595
	16	36	611
	15	48	591
	17	12	588
	32	48	627
	28	65	620
	-8	31	616
	12	15	611
	39	-35	631
	26	38	624
	23	52	596
	19	30	638
	16	7	604
	9	31	588
	41	33	604
	3	49	608
	7	43	615
	-8	16	599
	9	24	600
	39	32	614
	7	24	622
	32	33	595
	11	46	605
	-2	71	595
	1	-12	599
	28	137	615
	38	44	608
	52	62	606
	39	32	630
	33	27	626
	24	49	623
	43	31	598
	25	23	598
	48	28	577
	22	15	627
	22	54	627
	15	17	623
	16	45	624
	7	33	599
	8	31	583
	36	63	624
	31	41	623
	31	25	579
	17	63	599
	-173	114	671
	-206	147	550
	-176	176	558
	-173	112	563
	-194	144	589
	-196	127	535
	-192	144	563
	-177	124	567
	-169	163	574
	-166	113	540
	-177	168	551
	-168	243	614
	-180	167	558
	-162	136	568
	-172	120	547
	-180	166	564
	-185	154	543
	-168	116	574
	-180	148	558
	-152	149	561
	-160	127	563
	-175	121	558
	-185	126	572
	-168	153	544
	-168	142	560
	-177	152	536
	-169	179	575
	-176	143	560
	-177	171	539
	-177	185	556
	-177	89	560
	-158	140	536
	-185	168	572
	-172	150	543
	-154	137	536
	-162	114	539
	-193	126	575
	-154	152	560
	-161	127	575
	-180	135	574
	-176	143	543
	-193	120	627
	-162	151	551
	-177	144	544
	-160	143	564
	-175	119	543
	-164	158	557
	-177	119	558
	-145	109	542
	-152	173	540
	-162	136	558
	-169	167	560
	-168	169	547
	-185	134	551
	-183	131	559
	-179	124	538
	-189	132	572
	-204	177	563
	-177	135	556
	-210	153	532
	-169	127	553
	-101	156	551
	-205	156	551
	-154	147	551
	-177	124	542
	-195	171	551
	-185	151	528
	-160	123	576
	-160	152	562
	-193	143	559
	-168	115	567
	-168	119	592
	-178	107	568
	-170	120	560
	-180	140	536
	-177	144	539
	-175	96	575
	-152	132	552
	-177	155	568
	-168	141	560
	-184	160	575
	-167	140	535
	-183	145	524
	-168	140	540
	-157	145	528
	-168	143	487
	-170	147	552
	-177	103	564
	-146	127	561
	-157	154	557
	-170	160	566
	-180	159	575
	-176	127	552
	-177	147	566
	-160	117	550
	-177	179	575
	-173	131	547
	-196	152	537
	-176	155	528
	-191	147	553
	-116	216	-341
	-131	207	-340
	-122	161	-338
	-113	206	-361
	-126	185	-328
	-120	221	-334
	-116	209	-353
	-128	216	-356
	-116	200	-333
	-128	222	-349
	-103	214	-343
	-136	206	-335
	-112	179	-354
	-121	195	-340
	-120	187	-356
	-129	193	-328
	-146	207	-336
	-97	190	-368
	-111	220	-330
	-104	180	-367
	-81	183	-336
	-81	179	-364
	-141	147	-372
	-136	165	-348
	-122	237	-354
	-96	193	-353
	-117	241	-340
	-82	217	-356
	-130	182	-336
	-121	192	-321
	-97	199	-333
	-135	215	-336
	-29	198	-341
	-109	206	-345
	-136	220	-340
	-125	230	-320
	-116	192	-341
	-114	227	-349
	-89	195	-345
	-109	209	-355
	-113	216	-329
	-90	195	-328
	-114	199	-368
	-116	213	-356
	-144	197	-351
	-132	199	-337
	-119	228	-351
	-121	195	-365
	-113	216	-365
	-108	237	-352
	-117	221	-368
	-125	268	-333
	-116	226	-336
	-116	236	-353
	-120	185	-349
	-82	136	-328
	-116	203	-361
	-117	214	-319
	-113	161	-356
	-137	195	-354
	-100	211	-365
	-148	174	-345
	-145	231	-368
	-120	209	-336
	-117	224	-314
	-180	236	-324
	-89	172	-333
	-114	206	-377
	-128	222	-356
	-113	207	-345
	-122	207	-352
	-109	184	-346
	-103	195	-365
	-125	192	-360
	-124	195	-373
	-109	195	-338
	-117	179	-349
	-112	207	-336
	-117	217	-332
	-135	206	-388
	-111	192	-348
	-120	206	-351
	-113	185	-377
	-112	194	-324
	-136	192	-356
	-114	201	-335
	-113	200	-339
	-106	183	-324
	-133	222	-333
	-112	201	-362
	-121	200	-368
	-101	181	-240
	-109	211	-340
	-108	195	-344
	-129	204	-319
	-132	243	-345
	-104	296	-353
	-129	231	-340
	-137	229	-367
	-126	185	-364
	263	1	576
	255	6	568
	246	-17	555
	252	-1	558
	243	17	550
	255	-4	547
	255	12	552
	254	19	539
	265	1	560
	263	33	535
	264	25	552
	255	27	539
	274	4	542
	279	-14	526
	252	-25	547
	247	2	542
	254	3	560
	259	-15	526
	240	-16	551
	240	3	545
	270	30	552
	278	-25	526
	270	-2	560
	270	27	543
	273	-40	551
	252	-11	543
	270	40	543
	248	6	551
	227	48	531
	255	0	535
	252	-4	563
	260	4	563
	271	1	563
	272	-15	547
	343	-4	542
	248	-1	544
	260	-13	564
	272	-2	560
	266	-1	544
	233	28	558
	220	41	505
	247	11	569
	248	27	532
	256	46	551
	263	22	576
	255	6	540
	268	1	515
	284	31	568
	263	-12	505
	251	1	548
	268	-1	527
	247	29	543
	260	12	524
	252	-29	540
	275	-7	572
	255	33	563
	246	-5	546
	231	14	536
	275	-4	540
	251	31	560
	286	33	544
	271	17	563
	268	3	540
	256	-13	568
	255	-4	556
	275	-13	547
	263	-32	547
	232	-5	543
	263	0	543
	248	1	524
	232	11	615
	273	21	571
	271	-10	579
	259	3	527
	259	20	552
	263	16	536
	270	-8	582
	267	-4	560
	248	39	548
	270	-10	536
	252	-4	529
	265	27	539
	255	12	518
	226	8	556
	271	3	550
	271	-4	579
	259	-2	543
	254	-16	528
	279	-3	543
	268	-16	536
	252	33	542
	231	88	556
	305	-8	547
	244	-76	553
	243	14	543
	260	17	551
	251	-73	559
	235	-8	537
	240	-9	552
	255	0	556
	-469	29	231
	-481	48	224
	-452	39	246
	-463	55	224
	-457	31	262
	-449	41	259
	-461	36	223
	-464	44	249
	-471	63	215
	-463	32	231
	-472	31	227
	-449	37	238
	-473	32	243
	-464	39	255
	-447	51	272
	-477	30	249
	-442	49	284
	-464	51	238
	-481	48	247
	-493	49	235
	-457	-41	259
	-484	34	238
	-497	33	236
	-477	61	235
	-489	33	270
	-449	31	238
	-487	19	263
	-472	56	265
	-456	31	241
	-457	40	211
	-464	39	233
	-450	56	254
	-440	44	235
	-473	49	255
	-450	-1	233
	-464	42	231
	-464	24	224
	-474	84	271
	-484	56	286
	-468	44	246
	-471	54	238
	-488	38	239
	-481	27	267
	-456	32	236
	-461	48	227
	-544	35	244
	-488	30	255
	-471	63	270
	-465	32	249
	-440	28	308
	-464	41	268
	-461	63	249
	-464	55	229
	-465	49	244
	-464	50	255
	-453	50	280
	-473	36	252
	-480	36	240
	-477	32	241
	-500	53	259
	-461	49	294
	-460	47	252
	-458	54	246
	-457	-17	247
	-485	53	247
	-468	27	270
	-461	54	284
	-471	59	241
	-485	7	219
	-456	60	231
	-440	39	240
	-468	55	244
	-464	20	225
	-480	43	264
	-447	64	268
	-441	48	239
	-481	66	248
	-449	63	267
	-476	33	268
	-466	32	223
	-466	55	255
	-488	61	264
	-477	36	259
	-457	31	260
	-484	31	227
	-461	48	240
	-452	36	252
	-488	46	240
	-476	57	238
	-456	56	272
	-474	48	236
	-484	43	240
	-452	35	252
	-468	54	240
	-481	48	272
	-461	35	315
	-454	55	231
	-490	28	219
	-487	28	231
	-464	48	240
	15	-479	-113
	26	-465	-90
	12	-473	-52
	48	-497	-84
	8	-493	-112
	16	-488	-97
	3	-489	-93
	6	-479	-108
	8	-481	-93
	-25	-450	-113
	-8	-455	-133
	-13	-485	-80
	15	-470	-120
	19	-493	-93
	16	-484	-116
	35	-498	-92
	24	-471	-84
	1	-463	-80
	14	-477	-121
	-4	-469	-109
	-1	-493	-105
	-3	-477	-112
	28	-488	-100
	8	-487	-117
	-1	-399	-97
	12	-479	-113
	5	-479	-117
	7	-488	-80
	16	-476	-113
	15	-497	-116
	15	-469	-95
	-8	-516	-97
	15	-510	-97
	35	-448	-84
	8	-474	-116
	15	-468	-16
	35	-470	-120
	6	-433	-116
	19	-484	-132
	3	-481	-97
	19	-463	-113
	24	-452	-104
	8	-496	-105
	8	-497	-143
	28	-484	-80
	32	-463	-68
	11	-492	-97
	-15	-479	-97
	24	-457	-93
	126	-464	-116
	-4	-473	-109
	3	-473	-121
	28	-482	-119
	9	-493	-97
	9	-464	-77
	28	-493	-95
	17	-452	-97
	15	-476	-109
	31	-477	-125
	24	-450	-116
	35	-488	-104
	8	-480	-113
	1	-488	-108
	24	-475	-92
	6	-500	-69
	-16	-493	-92
	35	-468	-32
	3	-463	-104
	-1	-464	-125
	23	-482	-109
	17	-481	-141
	7	-433	-93
	11	-495	-136
	-8	-507	-100
	16	-480	-89
	1	-451	-122
	11	-479	-97
	24	-496	-141
	18	-473	-77
	28	-464	-88
	19	-455	-111
	11	-492	8
	15	-462	-113
	-20	-474	-73
	12	-487	-108
	15	-493	-105
	19	-479	-100
	30	-474	-97
	7	-484	-127
	8	-477	-96
	4	-490	-71
	-4	-488	-125
	4	-480	-80
	7	-434	-89
	16	-488	-113
	32	-466	-93
	30	-473	-89
	-9	-466	-80
	23	-452	-113
	24	-501	-101
	-501	76	127
	-474	25	119
	-484	31	83
	-481	30	79
	-487	38	99
	-484	56	111
	-464	95	94
	-464	44	118
	-483	48	104
	-484	47	120
	-493	49	96
	-492	33	89
	-482	44	110
	-472	62	80
	-506	-8	96
	-441	51	124
	-482	15	103
	-489	43	123
	-509	31	108
	-488	32	147
	-490	63	102
	-512	39	95
	-497	49	97
	-497	55	113
	-497	48	96
	-452	39	94
	-480	78	99
	-477	24	110
	-482	51	101
	-475	23	142
	-480	35	114
	-482	46	136
	-513	48	108
	-476	44	107
	-493	28	114
	-509	17	99
	-481	28	101
	-489	19	99
	-487	35	146
	-496	19	76
	-471	24	131
	-461	25	143
	-487	64	92
	-483	123	119
	-468	24	94
	-500	33	111
	-473	54	110
	-498	44	104
	-492	36	97
	-488	23	133
	-516	47	112
	-514	48	105
	-496	51	111
	-476	32	142
	-461	16	112
	-481	17	126
	-479	17	104
	-488	59	121
	-481	62	136
	-487	56	94
	-497	24	96
	-493	67	127
	-483	35	124
	-498	43	124
	-509	36	115
	-465	25	103
	-482	139	88
	-490	12	102
	-474	60	103
	-508	22	109
	-482	16	116
	-473	7	96
	-496	97	120
	-491	40	120
	-463	19	94
	-377	25	140
	-493	36	137
	-488	79	120
	-484	48	54
	-484	24	102
	-482	36	106
	-488	35	105
	-477	11	108
	-482	14	99
	-482	9	110
	-489	47	96
	-468	39	112
	-473	34	108
	-468	24	113
	-482	17	107
	-481	23	104
	-484	62	80
	-473	30	107
	-498	56	108
	-484	32	94
	-503	46	96
	-488	30	102
	-497	140	103
	-489	63	82
	-429	31	113
	7	563	108
	9	614	87
	4	591	94
	2	545	88
	15	592	108
	-2	563	109
	3	575	121
	24	591	104
	12	574	78
	17	592	92
	1	597	112
	12	575	85
	-14	561	124
	-4	591	112
	24	579	120
	4	587	108
	6	591	120
	28	604	115
	-16	590	115
	36	595	119
	31	547	104
	-16	592	99
	3	558	124
	8	559	97
	18	561	107
	19	575	122
	45	575	116
	16	598	75
	27	599	111
	24	568	127
	-4	584	94
	19	571	86
	15	560	108
	17	576	97
	-9	566	111
	-8	572	142
	16	556	120
	15	595	87
	12	622	135
	19	585	104
	14	588	102
	7	560	92
	20	583	104
	7	568	116
	4	615	136
	7	601	178
	31	572	114
	14	561	115
	25	581	115
	4	568	103
	0	568	119
	3	571	156
	9	561	103
	24	556	118
	23	583	94
	7	578	127
	79	600	116
	35	560	120
	23	551	108
	7	559	102
	24	572	121
	12	561	82
	25	567	108
	16	566	102
	27	548	95
	35	598	97
	15	585	97
	22	590	152
	24	551	100
	40	583	112
	15	588	134
	-16	584	120
	-7	599	109
	12	604	199
	17	571	88
	-5	556	88
	40	567	92
	19	568	72
	7	585	115
	25	560	124
	23	569	112
	-68	551	92
	-21	591	70
	6	583	94
	15	585	126
	12	558	99
	-32	594	72
	14	564	97
	29	476	103
	9	580	130
	16	536	99
	28	567	103
	19	594	103
	3	568	79
	20	584	104
	1	556	91
	9	608	108
	32	579	98
	50	560	120
	22	579	111
	51	-537	80
	56	-551	104
	31	-541	64
	31	-521	104
	28	-547	97
	32	-557	103
	31	-520	98
	55	-509	115
	35	-528	118
	47	-529	88
	68	-545	83
	51	-541	87
	35	-509	97
	48	-527	99
	40	-545	96
	57	-544	112
	56	-513	110
	76	-535	114
	46	-494	105
	48	-529	114
	41	-530	96
	35	-535	145
	26	-510	112
	49	-518	131
	55	-549	97
	40	-520	111
	47	-513	88
	48	-532	115
	40	-533	70
	59	-538	102
	62	-528	110
	38	-528	84
	31	-541	113
	56	-552	127
	40	-552	112
	79	-497	102
	49	-544	131
	61	-497	88
	43	-538	87
	40	-512	79
	39	-485	124
	46	-519	103
	32	-529	96
	50	-538	125
	36	-554	99
	57	-551	112
	51	-535	121
	83	-511	79
	25	-532	103
	15	-516	99
	55	-508	115
	28	-519	147
	70	-522	88
	48	-541	88
	40	-523	87
	47	-537	88
	88	-525	99
	51	-530	102
	55	-545	135
	43	-543	87
	60	-557	95
	47	-532	96
	49	-537	100
	51	-544	103
	54	-504	91
	71	-546	111
	51	-573	80
	57	-552	94
	60	-524	80
	67	-509	103
	44	-529	88
	52	-544	116
	51	-532	113
	48	-532	64
	12	-512	115
	46	-553	86
	62	-544	107
	27	-496	115
	27	-525	131
	57	-545	126
	48	-508	99
	49	-520	95
	48	-537	112
	62	-537	96
	57	-560	87
	39	-511	120
	57	-537	115
	24	-556	96
	59	-560	105
	35	-561	124
	47	-504	88
	17	-513	124
	55	-481	124
	44	-529	88
	56	-536	108
	48	-505	31
	44	-536	97
	54	-504	84
	38	-527	96
	43	-492	76
